1.750000000000000000e+01 -1.750000000000000000e+01 8.908130645751953125e+01 -1.750000000000000000e+01 -1.750000000000000000e+01 8.908130645751953125e+01 -1.750000000000000000e+01 1.750000000000000000e+01 8.908130645751953125e+01 1.750000000000000000e+01 1.750000000000000000e+01 8.908130645751953125e+01
1.750000000000000000e+01 3.201213455200195312e+01 8.011231994628906250e+01 -1.750000000000000000e+01 3.201213455200195312e+01 8.011231994628906250e+01 -1.750000000000000000e+01 4.766461181640625000e+01 4.880736541748046875e+01 1.750000000000000000e+01 4.766461181640625000e+01 4.880736541748046875e+01
-2.503755187988281250e+01 2.653578376770019531e+01 8.011231994628906250e+01 -3.585314559936523438e+01 -6.751195907592773438e+00 8.011231994628906250e+01 -5.073953628540039062e+01 -1.914314389228820801e+00 4.880736541748046875e+01 -3.992394256591796875e+01 3.137266540527343750e+01 4.880736541748046875e+01
-3.297406005859375000e+01 -1.561211872100830078e+01 8.011231994628906250e+01 -4.658463478088378906e+00 -3.618460464477539062e+01 8.011231994628906250e+01 -1.385875988006591797e+01 -4.884772491455078125e+01 4.880736541748046875e+01 -4.217435836791992188e+01 -2.827523803710937500e+01 4.880736541748046875e+01
4.658463478088378906e+00 -3.618460464477539062e+01 8.011231994628906250e+01 3.297406005859375000e+01 -1.561212158203125000e+01 8.011231994628906250e+01 4.217435836791992188e+01 -2.827524185180664062e+01 4.880736541748046875e+01 1.385875988006591797e+01 -4.884772491455078125e+01 4.880736541748046875e+01
3.585315322875976562e+01 -6.751199722290039062e+00 8.011231994628906250e+01 2.503755569458007812e+01 2.653578376770019531e+01 8.011231994628906250e+01 3.992394638061523438e+01 3.137266349792480469e+01 4.880736541748046875e+01 5.073954391479492188e+01 -1.914319157600402832e+00 4.880736541748046875e+01
-1.750000000000000000e+01 -4.766461181640625000e+01 4.027394485473632812e+01 1.750000000000000000e+01 -4.766461181640625000e+01 4.027394485473632812e+01 1.750000000000000000e+01 -3.201213455200195312e+01 8.968992233276367188e+00 -1.750000000000000000e+01 -3.201213455200195312e+01 8.968992233276367188e+00
3.992394256591796875e+01 -3.137266540527343750e+01 4.027394485473632812e+01 5.073953628540039062e+01 1.914314389228820801e+00 4.027394485473632812e+01 3.585314559936523438e+01 6.751195907592773438e+00 8.968992233276367188e+00 2.503755187988281250e+01 -2.653578376770019531e+01 8.968992233276367188e+00
4.217435836791992188e+01 2.827523803710937500e+01 4.027394485473632812e+01 1.385875988006591797e+01 4.884772491455078125e+01 4.027394485473632812e+01 4.658463478088378906e+00 3.618460464477539062e+01 8.968992233276367188e+00 3.297406005859375000e+01 1.561211872100830078e+01 8.968992233276367188e+00
-1.385875988006591797e+01 4.884772491455078125e+01 4.027394485473632812e+01 -4.217435836791992188e+01 2.827524185180664062e+01 4.027394485473632812e+01 -3.297406005859375000e+01 1.561212158203125000e+01 8.968992233276367188e+00 -4.658463478088378906e+00 3.618460464477539062e+01 8.968992233276367188e+00
-5.073954391479492188e+01 1.914319157600402832e+00 4.027394485473632812e+01 -3.992394638061523438e+01 -3.137266349792480469e+01 4.027394485473632812e+01 -2.503755569458007812e+01 -2.653578376770019531e+01 8.968992233276367188e+00 -3.585315322875976562e+01 6.751199722290039062e+00 8.968992233276367188e+00
