1.200000000000000000e+01 -1.200000000000000000e+01 6.124340057373046875e+01 -1.200000000000000000e+01 -1.200000000000000000e+01 6.124340057373046875e+01 -1.200000000000000000e+01 1.200000000000000000e+01 6.124340057373046875e+01 1.200000000000000000e+01 1.200000000000000000e+01 6.124340057373046875e+01
1.200000000000000000e+01 2.202231788635253906e+01 5.504926681518554688e+01 -1.200000000000000000e+01 2.202231788635253906e+01 5.504926681518554688e+01 -1.200000000000000000e+01 3.275544357299804688e+01 3.358301544189453125e+01 1.200000000000000000e+01 3.275544357299804688e+01 3.358301544189453125e+01
-1.723626518249511719e+01 1.821794891357421875e+01 5.504926681518554688e+01 -2.465267372131347656e+01 -4.607408046722412109e+00 5.504926681518554688e+01 -3.486048126220703125e+01 -1.290689706802368164e+00 3.358301544189453125e+01 -2.744407463073730469e+01 2.153466796875000000e+01 3.358301544189453125e+01
-2.265259933471679688e+01 -1.076300525665283203e+01 5.504926681518554688e+01 -3.236190557479858398e+00 -2.486985397338867188e+01 5.504926681518554688e+01 -9.544963836669921875e+00 -3.355313491821289062e+01 3.358301544189453125e+01 -2.896137237548828125e+01 -1.944628715515136719e+01 3.358301544189453125e+01
3.236190557479858398e+00 -2.486985397338867188e+01 5.504926681518554688e+01 2.265259933471679688e+01 -1.076300811767578125e+01 5.504926681518554688e+01 2.896137237548828125e+01 -1.944628906250000000e+01 3.358301544189453125e+01 9.544963836669921875e+00 -3.355313491821289062e+01 3.358301544189453125e+01
2.465267562866210938e+01 -4.607410430908203125e+00 5.504926681518554688e+01 1.723626708984375000e+01 1.821794891357421875e+01 5.504926681518554688e+01 2.744407844543457031e+01 2.153466606140136719e+01 3.358301544189453125e+01 3.486048889160156250e+01 -1.290692687034606934e+00 3.358301544189453125e+01
-1.200000000000000000e+01 -3.275544357299804688e+01 2.766038513183593750e+01 1.200000000000000000e+01 -3.275544357299804688e+01 2.766038513183593750e+01 1.200000000000000000e+01 -2.202231788635253906e+01 6.194133281707763672e+00 -1.200000000000000000e+01 -2.202231788635253906e+01 6.194133281707763672e+00
2.744407463073730469e+01 -2.153466796875000000e+01 2.766038513183593750e+01 3.486048126220703125e+01 1.290689706802368164e+00 2.766038513183593750e+01 2.465267372131347656e+01 4.607408046722412109e+00 6.194133281707763672e+00 1.723626518249511719e+01 -1.821794891357421875e+01 6.194133281707763672e+00
2.896137237548828125e+01 1.944628715515136719e+01 2.766038513183593750e+01 9.544963836669921875e+00 3.355313491821289062e+01 2.766038513183593750e+01 3.236190557479858398e+00 2.486985397338867188e+01 6.194133281707763672e+00 2.265259933471679688e+01 1.076300525665283203e+01 6.194133281707763672e+00
-9.544963836669921875e+00 3.355313491821289062e+01 2.766038513183593750e+01 -2.896137237548828125e+01 1.944628906250000000e+01 2.766038513183593750e+01 -2.265259933471679688e+01 1.076300811767578125e+01 6.194133281707763672e+00 -3.236190557479858398e+00 2.486985397338867188e+01 6.194133281707763672e+00
-3.486048889160156250e+01 1.290692687034606934e+00 2.766038513183593750e+01 -2.744407844543457031e+01 -2.153466606140136719e+01 2.766038513183593750e+01 -1.723626708984375000e+01 -1.821794891357421875e+01 6.194133281707763672e+00 -2.465267562866210938e+01 4.607410430908203125e+00 6.194133281707763672e+00
