1.153602886199951172e+01 -1.219475555419921875e+01 2.746560058593750000e+02 -1.246397113800048828e+01 -1.219475555419921875e+01 2.746560058593750000e+02 -1.246397113800048828e+01 1.180524444580078125e+01 2.746560058593750000e+02 1.153602886199951172e+01 1.180524444580078125e+01 2.746560058593750000e+02
1.153602886199951172e+01 2.182756233215332031e+01 2.684618530273437500e+02 -1.246397113800048828e+01 2.182756233215332031e+01 2.684618530273437500e+02 -1.246397113800048828e+01 3.256068801879882812e+01 2.469956207275390625e+02 1.153602886199951172e+01 3.256068801879882812e+01 2.469956207275390625e+02
-1.770023727416992188e+01 1.802319335937500000e+01 2.684618530273437500e+02 -2.511664581298828125e+01 -4.802163124084472656e+00 2.684618530273437500e+02 -3.532445144653320312e+01 -1.485444903373718262e+00 2.469956207275390625e+02 -2.790804672241210938e+01 2.133991241455078125e+01 2.469956207275390625e+02
-2.311657142639160156e+01 -1.095776081085205078e+01 2.684618530273437500e+02 -3.700161933898925781e+00 -2.506460952758789062e+01 2.684618530273437500e+02 -1.000893497467041016e+01 -3.374789047241210938e+01 2.469956207275390625e+02 -2.942534446716308594e+01 -1.964104270935058594e+01 2.469956207275390625e+02
2.772219181060791016e+00 -2.506460952758789062e+01 2.684618530273437500e+02 2.218862724304199219e+01 -1.095776367187500000e+01 2.684618530273437500e+02 2.849740028381347656e+01 -1.964104461669921875e+01 2.469956207275390625e+02 9.080992698669433594e+00 -3.374789047241210938e+01 2.469956207275390625e+02
2.418870353698730469e+01 -4.802165508270263672e+00 2.684618530273437500e+02 1.677229499816894531e+01 1.802319335937500000e+01 2.684618530273437500e+02 2.698010635375976562e+01 2.133991050720214844e+01 2.469956207275390625e+02 3.439651870727539062e+01 -1.485447883605957031e+00 2.469956207275390625e+02
-1.246397113800048828e+01 -3.295019912719726562e+01 2.410729827880859375e+02 1.153602886199951172e+01 -3.295019912719726562e+01 2.410729827880859375e+02 1.153602886199951172e+01 -2.221707344055175781e+01 2.196067352294921875e+02 -1.246397113800048828e+01 -2.221707344055175781e+01 2.196067352294921875e+02
2.698010253906250000e+01 -2.172942352294921875e+01 2.410729827880859375e+02 3.439651107788085938e+01 1.095934510231018066e+00 2.410729827880859375e+02 2.418870162963867188e+01 4.412652969360351562e+00 2.196067352294921875e+02 1.677229309082031250e+01 -1.841270446777343750e+01 2.196067352294921875e+02
2.849740028381347656e+01 1.925153160095214844e+01 2.410729827880859375e+02 9.080992698669433594e+00 3.335837936401367188e+01 2.410729827880859375e+02 2.772219181060791016e+00 2.467509841918945312e+01 2.196067352294921875e+02 2.218862724304199219e+01 1.056824970245361328e+01 2.196067352294921875e+02
-1.000893497467041016e+01 3.335837936401367188e+01 2.410729827880859375e+02 -2.942534446716308594e+01 1.925153350830078125e+01 2.410729827880859375e+02 -2.311657142639160156e+01 1.056825256347656250e+01 2.196067352294921875e+02 -3.700161933898925781e+00 2.467509841918945312e+01 2.196067352294921875e+02
-3.532445907592773438e+01 1.095937490463256836e+00 2.410729827880859375e+02 -2.790805053710937500e+01 -2.172942161560058594e+01 2.410729827880859375e+02 -1.770023918151855469e+01 -1.841270446777343750e+01 2.196067352294921875e+02 -2.511664772033691406e+01 4.412655353546142578e+00 2.196067352294921875e+02
