1.538643163519853374e+01 -1.703408372360720335e+01 8.970111750266210038e+01 -1.637755747032864306e+01 -1.636602468824135315e+01 9.006348252083566308e+01 -1.681600710411898802e+01 1.639848317742519157e+01 8.988832851302962013e+01 1.533136832670315819e+01 1.608098776786049200e+01 8.964720012302717578e+01
1.591556057628452692e+01 3.327763231359391227e+01 7.937293648435915827e+01 -1.690680146069569290e+01 3.347663331677519238e+01 7.923492027008211380e+01 -1.661037656013379404e+01 4.781048486292552013e+01 4.968712279017505296e+01 1.628141410708052561e+01 4.658263624648718348e+01 4.965879942692595961e+01
-2.580327592701072703e+01 2.541115340267124978e+01 7.925050734897735083e+01 -3.654651371749488931e+01 -5.307828152317230597e+00 7.916073620470321259e+01 -5.031140464166271897e+01 -7.614049077460488535e-01 4.948761935189659056e+01 -3.894057162249331583e+01 3.010934044381982488e+01 4.957515258358089483e+01
-3.223692154465146587e+01 -1.713810274205385298e+01 7.931890851000578380e+01 -6.160593376777712571e+00 -3.681663128116392159e+01 7.941713372113073888e+01 -1.476013085409946335e+01 -4.857685447111581567e+01 4.967348323648518971e+01 -4.095024747033720303e+01 -2.835601746463573392e+01 4.977315904545954339e+01
6.539524679873243151e+00 -3.629588371246497758e+01 7.929499793697294763e+01 3.358191063526547993e+01 -1.687843316540486782e+01 7.926515878382640778e+01 4.157106405092804380e+01 -2.896289258871652095e+01 4.938334125385281936e+01 1.452977587845127516e+01 -4.821862019742827243e+01 4.968846905815411219e+01
3.593293564498865322e+01 -4.510871419466743859e+00 7.895290150046635347e+01 2.615616043936325852e+01 2.666549970643398382e+01 7.906792970471623505e+01 4.004200705494803003e+01 3.100553179206507082e+01 4.941872587248101922e+01 4.967716341038124739e+01 -5.308044756696477240e-01 4.929766878517069983e+01
-1.742795008730663042e+01 -4.981274911549678563e+01 3.863542897804608600e+01 1.562981892483789714e+01 -4.983971310347627082e+01 3.906172883538110341e+01 1.649066291764988890e+01 -3.515903832437306420e+01 9.883620683554022790e+00 -1.676779007438493352e+01 -3.385479156080876351e+01 9.088994012257218813e+00
4.207208471214538292e+01 -3.122651895001414957e+01 3.894814893497800057e+01 5.254331017868035048e+01 -1.785508195873080073e-01 3.907353416466820306e+01 3.773968644318322418e+01 4.990283384679916168e+00 9.790383744061955440e+00 2.726171889116285385e+01 -2.624465320088152254e+01 9.708346282434238361e+00
4.219029844340760604e+01 3.062857304546546189e+01 3.883096033618656406e+01 1.582820800818418938e+01 5.044210107977063018e+01 3.910264702851839047e+01 6.262469046200994427e+00 3.792458952278299478e+01 1.004616976229371161e+01 3.274186967327394626e+01 1.831353923480310897e+01 9.758696519074767650e+00
-1.555654977718729981e+01 5.009072613380281780e+01 3.895862301955353502e+01 -4.271207941814125775e+01 3.120622262301483829e+01 3.885679699026030676e+01 -3.354717639882313307e+01 1.824525645146302111e+01 1.005329004514947755e+01 -6.503460450292222639e+00 3.695591850743462459e+01 1.013808256135684083e+01
-5.076921727581859756e+01 1.017702329019281482e+00 3.895940738585599661e+01 -4.161280572652045606e+01 -3.074507448539550225e+01 3.860593325383574381e+01 -2.681600173072947868e+01 -2.689066608898912492e+01 1.007224897960003673e+01 -3.603881681676453752e+01 4.905820669245382071e+00 9.528400569806731113e+00
