1.653954138736772705e+01 -1.639412803002250030e+01 8.893704282768499070e+01 -1.620437535130873030e+01 -1.652347766941766594e+01 8.886214325835865679e+01 -1.630745406409976184e+01 1.620022147774214361e+01 8.876917629660400166e+01 1.641216500233523945e+01 1.631295670588534463e+01 8.882028730665220451e+01
1.634523790306252167e+01 3.264962659845433990e+01 7.914188118832375096e+01 -1.635487559144813829e+01 3.265078524892211220e+01 7.923843699771407501e+01 -1.636833609675804269e+01 4.725168668802617589e+01 4.993831417353862179e+01 1.631143640544042483e+01 4.723719868283313161e+01 4.983491397770307429e+01
-2.592518793002615141e+01 2.559517466133555530e+01 7.920910676379085658e+01 -3.604947968834102312e+01 -5.482317944612469240e+00 7.917665717338985587e+01 -4.996734202626997501e+01 -8.143531727924138153e-01 4.989106953180919390e+01 -3.987850005186755453e+01 3.028072091247668141e+01 4.995029352687914326e+01
-3.243377412435226148e+01 -1.671558609736593937e+01 7.894536770825720851e+01 -6.089715643638236919e+00 -3.603100468105633070e+01 7.897130491052776335e+01 -1.479905496977137069e+01 -4.797333654629790090e+01 4.980107268024880796e+01 -4.116690417798291435e+01 -2.868646812326317885e+01 4.977335039883144674e+01
6.077486791800193799e+00 -3.597666426793834660e+01 7.915758516668148559e+01 3.252722531132751982e+01 -1.671139939267491314e+01 7.928233383641619980e+01 4.135088947945864390e+01 -2.866678836507434269e+01 5.013659660802234441e+01 1.489901599949696553e+01 -4.789281118385334679e+01 4.999705872146431318e+01
3.594428705330039975e+01 -5.375804701709301803e+00 7.928820947813203190e+01 2.597404837761055774e+01 2.581064526030242945e+01 7.908333080127574988e+01 3.997229505114848536e+01 3.008330271282823531e+01 4.978782649955901007e+01 4.994820296452251540e+01 -1.108898177702650756e+00 4.999414073769938938e+01
-1.623154051516640450e+01 -4.746910138294316539e+01 3.903585570278094252e+01 1.638334794130179617e+01 -4.757163588415532729e+01 3.905481020816198878e+01 1.638655211084197560e+01 -3.305364444095678778e+01 9.753952695515748061e+00 -1.626374543734763733e+01 -3.298801236874075471e+01 9.727941500636191563e+00
4.012357663794631435e+01 -3.038937895137935641e+01 3.950822566800836455e+01 5.019122993471086147e+01 7.005694169425251694e-01 3.932504923544287578e+01 3.625094429323402778e+01 4.956375161472767132e+00 1.009726187750198712e+01 2.622433838702188069e+01 -2.618788772785990204e+01 1.027737103295517151e+01
4.100437107949568372e+01 2.861141380293413405e+01 3.897726487867168288e+01 1.454617174562454274e+01 4.796913338099866309e+01 3.905820746421365897e+01 5.979814229153642913e+00 3.624585001547229979e+01 9.875923730991562621e+00 3.240582100845346503e+01 1.680942107849570277e+01 9.826364222929104386e+00
-1.445216328976280096e+01 4.819107386520260405e+01 3.924501589124008660e+01 -4.102045246223672592e+01 2.919454056304651601e+01 3.946230409189272592e+01 -3.261865847635382210e+01 1.721170827089513011e+01 1.026760923173901574e+01 -6.079297433178862953e+00 3.623364396447270508e+01 9.969728462305264216e+00
-5.017175105968313176e+01 8.530921679411875846e-01 3.937398796400535872e+01 -4.011897657661275218e+01 -3.021146320648322003e+01 3.930032322689282154e+01 -2.633513588080134937e+01 -2.562519739094679849e+01 1.000318166869015535e+01 -3.642802857697699892e+01 5.480090474704262249e+00 1.007086894094707219e+01
