1.657935980348442229e+01 -1.619225573263230089e+01 8.831128455630445728e+01 -1.611060972573006111e+01 -1.629974297009837159e+01 8.830516759768572399e+01 -1.622711000307363349e+01 1.651631877156888706e+01 8.834582737578725187e+01 1.655015096261820418e+01 1.657905559350338009e+01 8.833695265717562961e+01
1.648266101518927584e+01 3.316338691529950466e+01 7.879340494907239645e+01 -1.634689921476629593e+01 3.299558569420295839e+01 7.883057824965777627e+01 -1.644304858661647017e+01 4.742995759984643200e+01 4.938570648523214146e+01 1.639746531317364031e+01 4.761129425873750876e+01 4.932645524079336496e+01
-2.587679785946075128e+01 2.582036692503806918e+01 7.870177147116896776e+01 -3.613576738665739185e+01 -5.362435238742736310e+00 7.879572116034971430e+01 -4.999385090960863920e+01 -9.453592654733173894e-01 4.939103486119110897e+01 -3.977932815786866172e+01 3.027369510135518382e+01 4.927139625041473181e+01
-3.316931130298082309e+01 -1.734889033606512143e+01 7.870567847469543210e+01 -6.785336836650395220e+00 -3.678094357526695291e+01 7.876455633038524695e+01 -1.539358873497966584e+01 -4.860916562486769976e+01 4.941064859510206730e+01 -4.183322128309974630e+01 -2.914896790766653112e+01 4.932072489059007836e+01
6.036930548362294147e+00 -3.642510880913766869e+01 7.861437737952941518e+01 3.253759491278692906e+01 -1.710630777154943871e+01 7.870282879695450617e+01 4.120432966894313154e+01 -2.890479749829215450e+01 4.933433887942660334e+01 1.467997813125124118e+01 -4.826370251919700394e+01 4.923786015416207107e+01
3.679507971530268406e+01 -4.642362745290222747e+00 7.900963824328945861e+01 2.646924908462951365e+01 2.636570604967015541e+01 7.860566517461019487e+01 4.016929911334349157e+01 3.055558948049229784e+01 4.908688336448852851e+01 5.049765839634054743e+01 -4.149713579624620396e-01 4.952031586267920460e+01
-1.686614585519183152e+01 -4.882277239116120882e+01 3.899383840154746395e+01 1.587461092933801865e+01 -4.887865012181566016e+01 3.906488398022448649e+01 1.616939314590245402e+01 -3.430242677105350424e+01 9.732195078189301185e+00 -1.674564699774631293e+01 -3.418970025611935881e+01 9.714810536439994593e+00
4.044179722647989195e+01 -3.102064520780153956e+01 3.958008682230619257e+01 5.039558086193758157e+01 4.069256026806741811e-01 3.909498613606335482e+01 3.614161370946070662e+01 4.306668175986906988e+00 9.752738525110153489e+00 2.625436881914066589e+01 -2.689658413572934847e+01 1.043656359711017068e+01
4.206782774469380115e+01 3.009889273940310872e+01 3.872032399871265795e+01 1.553619697474162109e+01 4.930573689417364847e+01 3.886380602552303998e+01 6.678058891464482727e+00 3.729662938116793214e+01 9.716302563066562925e+00 3.323444348192752074e+01 1.809785170485181638e+01 9.386295532697515043e+00
-1.469286581177012252e+01 4.952192617226085503e+01 3.830141789866088686e+01 -4.101306192796416639e+01 2.976907910005710178e+01 3.872731358098293697e+01 -3.224023561841196539e+01 1.745118517236794631e+01 9.480446061497707078e+00 -5.962378777189659473e+00 3.718724006906422375e+01 9.252361682704433932e+00
-5.090654598120895713e+01 5.124395104606715989e-01 3.880005425618660553e+01 -4.086692363855073751e+01 -3.070865393044401515e+01 3.891096000408197852e+01 -2.681404657823256699e+01 -2.630643367718861114e+01 9.677798572852472248e+00 -3.691181362908852748e+01 4.914025337955407302e+00 9.409932371135859341e+00
