1.651180750484985538e+01 -1.628701471550398239e+01 8.930968677248249321e+01 -1.649268890397488008e+01 -1.656433735218667280e+01 8.919961907854735728e+01 -1.647951456727641073e+01 1.627057493743225081e+01 8.913527984182543662e+01 1.643496614503189690e+01 1.653627023969384524e+01 8.925465057800465729e+01
1.654087179102768346e+01 3.323713433188225252e+01 7.960891593449655090e+01 -1.639717521323963823e+01 3.305268801817888402e+01 7.951767644834552584e+01 -1.646354833318875066e+01 4.793710284874516248e+01 4.973853060833612716e+01 1.650484216177219565e+01 4.802434645099381783e+01 4.984491160204562732e+01
-2.620715448374184220e+01 2.606280508788393036e+01 7.971225933477344938e+01 -3.651549097613109751e+01 -5.422398067630638252e+00 7.961152808290655969e+01 -5.059879790591277526e+01 -9.468717825735528670e-01 4.974216428584769290e+01 -4.041483220690542311e+01 3.074547735722697439e+01 4.984661778412700528e+01
-3.361874465298217274e+01 -1.761590244742224698e+01 7.979946739838919711e+01 -7.034648521447301128e+00 -3.720456978969446737e+01 7.986578523231774795e+01 -1.564027268264785953e+01 -4.941872416968574555e+01 5.014026053518869475e+01 -4.246992938363804626e+01 -2.974987210977091934e+01 5.002802532103138589e+01
6.043312199675178853e+00 -3.685314410827912468e+01 7.983617885741094256e+01 3.305836620342368803e+01 -1.744345860934587478e+01 8.006628376881009501e+01 4.218677722800980945e+01 -2.950758163918004229e+01 5.037069616083429224e+01 1.535002823612381384e+01 -4.914173475536425428e+01 5.019621165285903430e+01
3.666919532786393887e+01 -4.824511209149170199e+00 7.979325054970092879e+01 2.651494302610424825e+01 2.647927934329295141e+01 7.963711550491319713e+01 4.071607446965192167e+01 3.085857859997517494e+01 4.986799812003075516e+01 5.083228356589462038e+01 -4.351693617814966220e-01 4.996691155405694218e+01
-1.690878524879751765e+01 -4.883445276543052671e+01 3.906631269318067723e+01 1.608503797704015170e+01 -4.900277193322207125e+01 3.920432587268938818e+01 1.628439807625460389e+01 -3.423002684212940494e+01 9.191498298300956549e+00 -1.695468546957489764e+01 -3.421120861733157881e+01 9.368338881640280391e+00
4.060108818191611846e+01 -3.128259663257436785e+01 3.968143562984104733e+01 5.065962463032334995e+01 3.634293668894088003e-01 3.934572462374860891e+01 3.673221075946293013e+01 4.322440366647532173e+00 9.467154074488934867e+00 2.656586444887759768e+01 -2.717776696546428283e+01 9.945507840692737744e+00
4.232105660472575437e+01 3.011579681226442062e+01 3.941229536521128551e+01 1.564003680897491400e+01 4.985232115480458503e+01 3.938764305145519984e+01 6.750254225188219159e+00 3.796883444920395334e+01 9.626284585976620178e+00 3.411241748954796549e+01 1.887691408960349193e+01 9.581133420149184232e+00
-1.469586534755288376e+01 4.942638358794611264e+01 3.922034261082671236e+01 -4.165112634432194483e+01 3.011040832910445886e+01 3.932184308763896041e+01 -3.286078165617335145e+01 1.781161453929306049e+01 9.500241456907762228e+00 -6.004861129554232235e+00 3.724250562294412958e+01 9.305896075808389512e+00
-5.108053281790449773e+01 5.096744707417533160e-01 3.922442055676884820e+01 -4.091309375568858542e+01 -3.113165491325826650e+01 3.919308157538500836e+01 -2.680981648698665154e+01 -2.655334734571639288e+01 9.242852652587281170e+00 -3.705424248994761882e+01 4.991444990706537688e+00 9.246339107828076109e+00
