1.641666130107427790e+01 -1.650524267568783188e+01 8.900965716213268308e+01 -1.657266983834007235e+01 -1.674235783188114723e+01 8.891484607455925016e+01 -1.655668174393845860e+01 1.641197603947740191e+01 8.882296793156429260e+01 1.649109809637977264e+01 1.680786247807439082e+01 8.889341246704205446e+01
1.671074807349257085e+01 3.320203716769996305e+01 7.930902504616170745e+01 -1.628804102184148306e+01 3.304989396280065961e+01 7.927019385778059757e+01 -1.646183328848078986e+01 4.735201154193774187e+01 4.958771169814235691e+01 1.666176846360956176e+01 4.766255740591014245e+01 4.966037080399695469e+01
-2.660767865187796843e+01 2.587232822862287662e+01 7.893859410600421711e+01 -3.687051636772209662e+01 -5.347530597416719544e+00 7.900150252086834257e+01 -5.039403845680719485e+01 -9.946297477073936522e-01 4.924150380405391303e+01 -4.030166706066032845e+01 3.016027216116789589e+01 4.926563852927476006e+01
-3.322546441139746065e+01 -1.809540114738167560e+01 7.833776549881774542e+01 -7.048242735717373364e+00 -3.700181115089657169e+01 7.847161814643962430e+01 -1.506301971029159503e+01 -4.893583607230805654e+01 4.903993676924294220e+01 -4.171664038955351828e+01 -2.957026337811539207e+01 4.878456788779669751e+01
6.189537707786678666e+00 -3.670950748326001190e+01 7.854355659627088926e+01 3.266707559740683564e+01 -1.706934108014042195e+01 7.861980640053725722e+01 4.126944626081493794e+01 -2.871989530924662404e+01 4.907894248319100683e+01 1.488748886569447372e+01 -4.849778569676249163e+01 4.887238332099668270e+01
3.676429885982394552e+01 -4.865970978452746287e+00 7.922555551652590111e+01 2.653215966804665271e+01 2.616795176019980218e+01 7.907686544992363054e+01 4.023914802230393661e+01 3.060485159168062452e+01 4.945718253676017184e+01 5.046279901060506745e+01 -3.774255902186550715e-01 4.962473928036853010e+01
-1.688285892801047439e+01 -4.876495600947588116e+01 3.780306406125789920e+01 1.607452690754631064e+01 -4.859349400166082233e+01 3.767686676309787686e+01 1.627036829367432347e+01 -3.379023116763540457e+01 8.373655735600294747e+00 -1.684676105890498832e+01 -3.399373980761727410e+01 8.458369805741833503e+00
4.118138685647201669e+01 -3.100205156050137134e+01 3.842973362461151510e+01 5.106824336071959891e+01 4.025468697847976451e-01 3.838942161833979583e+01 3.710960435068342633e+01 4.746795092979732900e+00 8.769081749798241177e+00 2.718498677885392567e+01 -2.641836741831465574e+01 9.044230361947949604e+00
4.232974299347629454e+01 3.028077858268292033e+01 3.836017497072850801e+01 1.583716512546160615e+01 4.939626695607759643e+01 3.816694250992068049e+01 6.964788261543878534e+00 3.721151569636670331e+01 8.699044493756852958e+00 3.370719831096852914e+01 1.809377021057646573e+01 9.128529037872095131e+00
-1.465831278048040964e+01 4.922153629230926697e+01 3.853376491259609793e+01 -4.140968285200152366e+01 2.996126612239609344e+01 3.874055339037539625e+01 -3.251634404737112050e+01 1.755925863682791288e+01 9.518645607713935419e+00 -5.679696887712797349e+00 3.708105830370417522e+01 9.688250286167226832e+00
-5.111069710312371939e+01 4.941295684157579471e-01 3.781227144244976301e+01 -4.075536338425533955e+01 -3.048990828710142864e+01 3.789488086466051442e+01 -2.679225465736246647e+01 -2.574740524336544212e+01 8.324734994859229076e+00 -3.685588451783966235e+01 4.904425112193155023e+00 8.424882979420713625e+00
