1.805265820100227714e+01 -1.757317469534769927e+01 1.133350090444994720e+02 -1.599508705312201329e+01 -1.781570370469965781e+01 1.134105961373132914e+02 -1.618405211702566859e+01 1.619330523099004182e+01 1.131959242815194528e+02 1.783079904287484752e+01 1.645127739731577776e+01 1.131444306623519225e+02
1.767289040812244849e+01 3.223054317643186550e+01 1.038420600558809639e+02 -1.641607715387307920e+01 3.193641516296059635e+01 1.037823667924747326e+02 -1.638325251327478682e+01 4.715146726903321905e+01 7.331948207340577994e+01 1.774282036584686040e+01 4.742376346736367054e+01 7.344092949698860195e+01
-2.468818890650679521e+01 2.535015349295245457e+01 1.037659800100425400e+02 -3.493707801173110994e+01 -7.261570661468356391e+00 1.036607532802730134e+02 -4.949052086672816841e+01 -2.484513764850463602e+00 7.321729126282561140e+01 -3.919860537891224084e+01 3.013901338424795640e+01 7.330611250151753211e+01
-3.142646827603324766e+01 -1.678642070705231504e+01 1.037980934288705726e+02 -3.656578130727649256e+00 -3.655269745558954497e+01 1.038353083880109864e+02 -1.262969952429265952e+01 -4.918764890695017300e+01 7.350567026945495286e+01 -4.039838454776872823e+01 -2.944541632149380206e+01 7.346945853784886538e+01
6.837350201294885466e+00 -3.652945728984041551e+01 1.039730561215331903e+02 3.413327909100680557e+01 -1.607129239901060913e+01 1.038098561396109289e+02 4.327611849941891364e+01 -2.844868454377948908e+01 7.339178203603621853e+01 1.604170843029925919e+01 -4.895074938596984993e+01 7.357947757349103313e+01
3.719229294275022113e+01 -5.909428294653178426e+00 1.041962138853803879e+02 2.617635651070087732e+01 2.649302322554303402e+01 1.039951205837156181e+02 4.075241066938848178e+01 3.119420728123522935e+01 7.353297307160309515e+01 5.168662424662473853e+01 -1.226884946167340784e+00 7.374984560932681177e+01
-1.548033136989659653e+01 -4.838560959607716683e+01 6.437887656710626061e+01 1.859549507254150313e+01 -4.807360297978062391e+01 6.440742781741931822e+01 1.842225484196030649e+01 -3.286615455521366869e+01 3.381486051936261816e+01 -1.560260969213535098e+01 -3.319769104524198156e+01 3.380788342421028148e+01
4.157332569061653516e+01 -3.085664091725449154e+01 6.450896565714654685e+01 5.162758105744263304e+01 1.659571201046151856e+00 6.439685978826348389e+01 3.704819049222246008e+01 6.063670734541351415e+00 3.383916350911866999e+01 2.699862246652905995e+01 -2.638321501197946972e+01 3.395672884316700646e+01
4.232315777526443412e+01 2.863862281803158183e+01 6.422056596098803993e+01 1.446218267146087832e+01 4.837310331777808159e+01 6.414704314682595054e+01 5.774589182492194439e+00 3.582719051304941615e+01 3.367882245276799580e+01 3.365672169371482170e+01 1.614240939271995146e+01 3.374724098762240487e+01
-1.378328343184645277e+01 4.774805902972025962e+01 6.413276780308423497e+01 -4.113322379926469807e+01 2.745804447202258913e+01 6.436315739061394936e+01 -3.224125235360868658e+01 1.506883085715850434e+01 3.378662208991162430e+01 -4.799688524888327201e+00 3.537193299674135005e+01 3.359679392705819367e+01
-4.943067244062427079e+01 4.261447029741848302e-01 6.431235238432266499e+01 -3.861846188505323596e+01 -3.193508772003790241e+01 6.447532095867786950e+01 -2.422524510483464510e+01 -2.718760577253656052e+01 3.377561709408574586e+01 -3.504692909905055132e+01 5.180287437692999930e+00 3.363287363498196214e+01
