1.785640446738897325e+01 -1.731106632776543108e+01 9.518964044357721832e+01 -1.682454386595243889e+01 -1.730256652992439115e+01 9.527377689786240467e+01 -1.674023836931592513e+01 1.733275714308845750e+01 9.502254076234289926e+01 1.787464217709334235e+01 1.729948394286526536e+01 9.496535471923240834e+01
1.787971038594499973e+01 3.272217681058532435e+01 8.591339191636619432e+01 -1.680896820089551014e+01 3.262849411414703127e+01 8.584355966832175966e+01 -1.674419910560407487e+01 4.807357883263439646e+01 5.488216613916650033e+01 1.795305992581864984e+01 4.816315678740763673e+01 5.491329188238734815e+01
-2.470147421109214747e+01 2.649455379044252012e+01 8.591359551627230928e+01 -3.529057109687369831e+01 -6.586770822785948276e+00 8.587151446023953838e+01 -5.015547576839835386e+01 -1.696533947263469733e+00 5.495600327618521419e+01 -3.952379048556440466e+01 3.136927397037064225e+01 5.497206414273387765e+01
-3.207689625319100202e+01 -1.560159348642984334e+01 8.595390375566788066e+01 -4.003289655668998748e+00 -3.581883544354604965e+01 8.601792623963552842e+01 -1.324816294942231387e+01 -4.873752734314671642e+01 5.523141598316800582e+01 -4.132509195083473941e+01 -2.852227322376111118e+01 5.517855258507672289e+01
5.863351441207228731e+00 -3.594311451622366604e+01 8.606067617250388935e+01 3.377489605412975493e+01 -1.535811105159385193e+01 8.591508135217405595e+01 4.297780568379408805e+01 -2.810276183732587896e+01 5.503977718633749561e+01 1.512501392644381326e+01 -4.875295649354994509e+01 5.522927856813921466e+01
3.676065585666710689e+01 -5.820915003178167346e+00 8.620826880029898120e+01 2.582550485530572004e+01 2.719832261553929698e+01 8.597428982152221977e+01 4.064078242629567939e+01 3.184991829593787216e+01 5.497598855865658862e+01 5.153434273508461416e+01 -1.182078209281228087e+00 5.518701665555293800e+01
-1.652978178005324494e+01 -4.768512680500807477e+01 4.661264035919952420e+01 1.806262875913525434e+01 -4.758711524031950546e+01 4.660352115723546973e+01 1.801509467216780180e+01 -3.232816601860778150e+01 1.547609220849452072e+01 -1.660339989775859237e+01 -3.244140881120029007e+01 1.548235718083738632e+01
4.088186718482279502e+01 -3.076324433294340821e+01 4.659719527744302070e+01 5.133989708367776217e+01 2.232181104587000586e+00 4.643464028170559033e+01 3.656815720551095694e+01 6.753994696939978226e+00 1.539484289799660033e+01 2.609096622867295068e+01 -2.628152663819063761e+01 1.554947439149269428e+01
4.241104392503881115e+01 2.887488592370165819e+01 4.619122336422059760e+01 1.422781546217315096e+01 4.917073041778824205e+01 4.618594666427021167e+01 5.113851548421783910e+00 3.649863136468457014e+01 1.526908534497740177e+01 3.334529449657243561e+01 1.621186811122978710e+01 1.524668033751151341e+01
-1.369171863216452500e+01 4.875107967055264879e+01 4.620574488303790872e+01 -4.163417511017699724e+01 2.833596813285530303e+01 4.655144791876319488e+01 -3.281434758182253830e+01 1.569406590476998353e+01 1.546866828973231023e+01 -4.812200011985541259e+00 3.604340939539191169e+01 1.513614192847311912e+01
-5.001379187123296077e+01 1.691039873778114488e+00 4.653163908798558168e+01 -3.924927976801836849e+01 -3.123556853771620467e+01 4.673107029983638938e+01 -2.470880250874557404e+01 -2.667013716712082427e+01 1.551233328539421841e+01 -3.550316016795465401e+01 6.262634070741775361e+00 1.529063385731849856e+01
