1.732724011782908846e+01 -1.778241770473820793e+01 8.892631556673188697e+01 -1.742856744662913826e+01 -1.760039129586833440e+01 8.906296484160414195e+01 -1.722478374464145290e+01 1.716274951723582731e+01 8.896415624694007818e+01 1.750942666190638164e+01 1.698367749890425671e+01 8.884092657069939492e+01
1.757493658986193452e+01 3.242975466174048194e+01 7.986824327245577138e+01 -1.723167360181454555e+01 3.247996002803841975e+01 7.988047542893028208e+01 -1.717093203996391182e+01 4.801699403345677553e+01 4.880974300226690588e+01 1.764520921824888333e+01 4.796345616904311271e+01 4.879507494465173068e+01
-2.519802168430942757e+01 2.647933165518778509e+01 7.999566842288001567e+01 -3.596430834475081184e+01 -6.677109752364053463e+00 7.984797864277931012e+01 -5.087777996029262795e+01 -1.653850467586222672e+00 4.888683681910070788e+01 -4.006299860261312773e+01 3.151286958014174999e+01 4.900219865477684067e+01
-3.293261398149691388e+01 -1.576856049260717896e+01 7.992844259799443307e+01 -4.833943022659256350e+00 -3.622481406760663702e+01 7.984417275576971917e+01 -1.419522784130762361e+01 -4.894989560463076828e+01 4.892133572502569905e+01 -4.229560255124417978e+01 -2.849938933544031627e+01 4.900020667781292616e+01
5.038538812111162279e+00 -3.646392966919102463e+01 7.981178968748619695e+01 3.316767518090010469e+01 -1.591925348524974915e+01 7.968331928899733896e+01 4.224430389973797162e+01 -2.854867370018613215e+01 4.864840832070195376e+01 1.414422061588574842e+01 -4.915859307258536148e+01 4.879303044177240878e+01
3.623890223914649766e+01 -6.465176810090512483e+00 7.985306277468701808e+01 2.542989260395213336e+01 2.674396688583560078e+01 7.980826344315815390e+01 4.013644204103438540e+01 3.146573118994488993e+01 4.871592321514832946e+01 5.092060744035471487e+01 -1.777315798090390198e+00 4.874942092372246805e+01
-1.764087777029621762e+01 -4.793878873228936754e+01 4.045992325435975800e+01 1.699019589193720137e+01 -4.804789554811940633e+01 4.033796085123841380e+01 1.692825426209917694e+01 -3.248578491258221135e+01 9.273237214124426586e+00 -1.775044321620750054e+01 -3.241902255644467346e+01 9.362502637498192115e+00
4.008514394940085879e+01 -3.127480086277399352e+01 4.018325780759438715e+01 5.073713498958722568e+01 1.813347738827836064e+00 4.019019904897518813e+01 3.582811037171404678e+01 6.605698006763014440e+00 9.191893891386349935e+00 2.516499177431225931e+01 -2.650283638396630792e+01 9.218108937334163144e+00
4.208547668144993281e+01 2.861282266498330884e+01 4.005421240701674179e+01 1.387783853874007534e+01 4.915354123833804323e+01 4.023491346244659894e+01 4.577755884721756097e+00 3.662905017204217017e+01 9.252317527878577863e+00 3.283541312023165659e+01 1.609544040065774340e+01 9.033788279530341470e+00
-1.412788077398560382e+01 4.894866051188433431e+01 4.027345260496805679e+01 -4.226781763254518154e+01 2.852946582713912349e+01 4.066515654787345824e+01 -3.357226883192346634e+01 1.590586467496185286e+01 9.525070545466814309e+00 -5.383580504759615692e+00 3.624563623623181030e+01 9.154191559769913056e+00
-5.088283469252480273e+01 1.883487411101074205e+00 4.064051723438058872e+01 -4.025093975607746444e+01 -3.124282611555839395e+01 4.069040890893726470e+01 -2.570704262860479972e+01 -2.657248590698795354e+01 9.493204218193080024e+00 -3.639809955953425913e+01 6.537982442839805231e+00 9.404310525546087263e+00
