1.765889365821753287e+01 -1.765895291141283607e+01 8.899144444686621114e+01 -1.690296714991234239e+01 -1.740693792910076709e+01 8.918519068624485158e+01 -1.661771712072025053e+01 1.720203789424168050e+01 8.888727455081435380e+01 1.792829331942616022e+01 1.695271178892141961e+01 8.871610814888381924e+01
1.780845506292104830e+01 3.238212325245853407e+01 7.949463093138481895e+01 -1.681999266960450257e+01 3.250764493782456555e+01 7.953188080275951677e+01 -1.671327272927155150e+01 4.781380282263180703e+01 4.847386211152198143e+01 1.792222281269715722e+01 4.768645795341748794e+01 4.843306664439708698e+01
-2.468692315543848181e+01 2.630947604121142547e+01 7.970398097056302333e+01 -3.548903627789831461e+01 -6.651792851391739703e+00 7.974148519196732821e+01 -5.030156837830396910e+01 -1.711534853169112136e+00 4.883279168445736218e+01 -3.945868678984895439e+01 3.125912376561547390e+01 4.877046031653660663e+01
-3.224009462836677642e+01 -1.579254450468803839e+01 7.994544431284941766e+01 -4.339338874157419923e+00 -3.620515255690953893e+01 7.991548807082904204e+01 -1.372695150059843705e+01 -4.896447850906653798e+01 4.913757721379707277e+01 -4.161891186375584084e+01 -2.857041482546338429e+01 4.915600540391287865e+01
5.647107791400027388e+00 -3.623286131588663039e+01 7.991887452178225715e+01 3.364844309528851340e+01 -1.586792117971060989e+01 7.962440649595949083e+01 4.259832797954602057e+01 -2.863538166552117659e+01 4.871591504874271550e+01 1.463912733240058195e+01 -4.905779907855998090e+01 4.902391340952839016e+01
3.656114457745638902e+01 -6.212418391765612391e+00 7.968310718154241101e+01 2.588237953606533637e+01 2.680484990637728160e+01 7.942025732323351406e+01 4.050656365264939751e+01 3.126786549870966425e+01 4.836127567793629112e+01 5.116648061319028074e+01 -1.786137431162605704e+00 4.860092974581872483e+01
-1.689036927122738163e+01 -4.788424703716376030e+01 4.060644715811223904e+01 1.773048729853439198e+01 -4.804043884691115807e+01 4.047877413860032192e+01 1.767761947545174195e+01 -3.275331063110279217e+01 9.380484264166147668e+00 -1.695110418352219028e+01 -3.259967605757391595e+01 9.510622231124642667e+00
4.038233403949652711e+01 -3.113525263541086119e+01 4.021600249840519581e+01 5.109642819301338079e+01 1.879629130258374303e+00 3.995701648902093694e+01 3.622607178665072780e+01 6.396498586969774358e+00 9.049993468042707434e+00 2.552236623989227482e+01 -2.659887456961212493e+01 9.329347915933396962e+00
4.210426704748520166e+01 2.839589800973755018e+01 3.963567409688553056e+01 1.402074566262762723e+01 4.893099794924672352e+01 3.968574055965690661e+01 4.784436637292167838e+00 3.622988639861424076e+01 8.907552806219767305e+00 3.289980355690635605e+01 1.573776042341013692e+01 8.803807179490910073e+00
-1.383414963846592549e+01 4.834699028328777359e+01 3.984696656270945425e+01 -4.183491468670687397e+01 2.810423588525409144e+01 4.035525350795466437e+01 -3.313505906197966766e+01 1.526933818119750619e+01 9.329246498375217911e+00 -5.086149854559327999e+00 3.543179407730654162e+01 8.869154457276573922e+00
-5.013258842280298211e+01 1.423420394657796129e+00 4.047088523810527505e+01 -3.954176584655238003e+01 -3.159523010512237207e+01 4.066485874538224721e+01 -2.499326946078124223e+01 -2.710963123187394430e+01 9.521430290846703670e+00 -3.563805864115374789e+01 5.886904363659525963e+00 9.302940966426858083e+00
