1.733206493575507423e+01 -1.776469489952921066e+01 8.892440602430356478e+01 -1.742020031599420449e+01 -1.758459727100467518e+01 8.906404968804892519e+01 -1.721723558690721845e+01 1.717462319322565278e+01 8.897051020067280547e+01 1.751339620659571139e+01 1.699717899678643818e+01 8.884407603001304210e+01
1.757797168528331966e+01 3.244181661588542198e+01 7.987492438299456410e+01 -1.722502055048702729e+01 3.249085435777135444e+01 7.988999612821911001e+01 -1.716679705958564384e+01 4.803107560290876421e+01 4.882500292197376268e+01 1.764584615248378086e+01 4.797889652836784791e+01 4.880823847973942264e+01
-2.518694623625251339e+01 2.649085305209016283e+01 8.000454295817671380e+01 -3.595026278838776079e+01 -6.662571537955444434e+00 7.985239003629882859e+01 -5.086570789960836692e+01 -1.635396711837562300e+00 4.889703779627772917e+01 -4.005417114830401459e+01 3.152812347987518038e+01 4.901746875178746166e+01
-3.292064044203993234e+01 -1.575164197746348016e+01 7.993102883997624986e+01 -4.823559098603830364e+00 -3.620392742101398653e+01 7.984026138716751575e+01 -1.418720694216081313e+01 -4.892362085611534894e+01 4.891967686349291000e+01 -4.228560787627223760e+01 -2.847633723954854190e+01 4.900576135254227239e+01
5.045426751308658808e+00 -3.644306715279609676e+01 7.980871428053481509e+01 3.317018955740547170e+01 -1.589931119337134113e+01 7.968069106388774969e+01 4.224416706273564870e+01 -2.852197713605251650e+01 4.864758946385423855e+01 1.414819812174611435e+01 -4.913051264231552295e+01 4.878964850957348887e+01
3.624137358622296290e+01 -6.446670776012507709e+00 7.985371019503463685e+01 2.543209169037736572e+01 2.675750250078079162e+01 7.981387278857181400e+01 4.013482765060354751e+01 3.148406605544040815e+01 4.872518259685797659e+01 5.091906646875219167e+01 -1.755158843026623394e+00 4.875296592458058598e+01
-1.763461705203345886e+01 -4.791070265017400942e+01 4.046019019337358458e+01 1.699367028279089809e+01 -4.801594776470511050e+01 4.033478131029333724e+01 1.692616417154125941e+01 -3.245172391053061745e+01 9.277049159833930858e+00 -1.774897675262433694e+01 -3.238873144405461346e+01 9.370341342033180254e+00
4.008313180524466901e+01 -3.124730304818607962e+01 4.018237727450816266e+01 5.073436919992066407e+01 1.838863054996590529e+00 4.019491462393600045e+01 3.582444504419782305e+01 6.632655634465466576e+00 9.201956844179839834e+00 2.516422331250341315e+01 -2.647186610255493378e+01 9.223656450626629422e+00
4.208204552441122814e+01 2.863502543681251211e+01 4.006347018509283942e+01 1.387630379248965617e+01 4.917111213554554894e+01 4.024938971310350411e+01 4.574936633513526196e+00 3.665157527807714644e+01 9.270486605747754183e+00 3.283330990829070828e+01 1.612283031468382433e+01 9.046930515281335516e+00
-1.412593184549223935e+01 4.896447922368161443e+01 4.029086013177559522e+01 -4.226033128054132249e+01 2.854529749167214803e+01 4.068125707027734705e+01 -3.356731051698820778e+01 1.592927324172736192e+01 9.542737009432622486e+00 -5.383324245119631257e+00 3.626924148822836713e+01 9.173154896256402679e+00
-5.087491411636467831e+01 1.902294311717857678e+00 4.065353043517753662e+01 -4.024078819719674982e+01 -3.121959992828256958e+01 4.069670438630436138e+01 -2.570417148583174693e+01 -2.654373708110552599e+01 9.502374666526229419e+00 -3.639774559862802050e+01 6.562269643204423630e+00 9.420732975725028879e+00
