1.606166126642079206e+01 -1.631542709461637131e+01 8.913275424175260753e+01 -1.669396982764225612e+01 -1.625784998281086757e+01 8.908161738195698831e+01 -1.660027000997487079e+01 1.641447600479226665e+01 8.910064127924862021e+01 1.615358988243786342e+01 1.636841260259605590e+01 8.916874002859174198e+01
1.620690671991369669e+01 3.254374273198879308e+01 7.935861893694475100e+01 -1.655220580303108946e+01 3.261475482757859368e+01 7.915675455825282825e+01 -1.626083188905838739e+01 4.734544740998360624e+01 4.998276022743236524e+01 1.645881180660760279e+01 4.727497398445431287e+01 5.017367301202868646e+01
-2.600823601913946348e+01 2.575798406893111903e+01 7.912825135114340469e+01 -3.605129399783406541e+01 -5.376488205076610072e+00 7.895372594174888548e+01 -4.997596247972590788e+01 -7.079327874990076763e-01 4.975486410703928186e+01 -3.989679383212681785e+01 3.043869554346740358e+01 4.992018343984452144e+01
-3.268388540430559885e+01 -1.681443239477658480e+01 7.916301697312901808e+01 -6.118421164708060189e+00 -3.610400164642539522e+01 7.924056540862490294e+01 -1.472131996878435878e+01 -4.801654108858480186e+01 5.013318734686136224e+01 -4.128624503670987167e+01 -2.873161314508503494e+01 5.006934313143170812e+01
6.095851801944058401e+00 -3.623756718049698122e+01 7.912443605574416949e+01 3.259284471766334690e+01 -1.696050710132873718e+01 7.916673043532296106e+01 4.124320771801468766e+01 -2.882366439813276671e+01 5.005184831164040560e+01 1.476944281065940068e+01 -4.817168588582522659e+01 5.003221958148308346e+01
3.609837754375711683e+01 -5.364794395391305315e+00 7.914575234914849489e+01 2.600724389314391871e+01 2.580380378146528031e+01 7.907051239373726048e+01 4.006622971052379967e+01 3.025317391889438667e+01 5.000964288030086635e+01 5.012406289148137972e+01 -9.320905207044231089e-01 5.005080093505072369e+01
-1.644032915451960974e+01 -4.742881387398736592e+01 3.907358050477900235e+01 1.632936116856583908e+01 -4.749109274769156741e+01 3.924630084928686813e+01 1.648695589313023291e+01 -3.283815362353761458e+01 9.979844044090206978e+00 -1.629218993435672402e+01 -3.281597861512104686e+01 9.796826823653281835e+00
4.000563048384174181e+01 -3.017167241982589587e+01 3.951193325141844781e+01 4.997116956012593647e+01 9.717244019619080131e-01 3.951125941745788595e+01 3.615905429358943479e+01 5.342132000436096817e+00 1.017574639277690629e+01 2.617346907930544830e+01 -2.579014184220945793e+01 1.017335806089264949e+01
4.088238182509393681e+01 2.870631889515847490e+01 3.965595922448391519e+01 1.441294206143591161e+01 4.791620138722753808e+01 3.958851224120346757e+01 5.942571078433152465e+00 3.612507172577520720e+01 1.027224395928523037e+01 3.246881837157076234e+01 1.693007491661257546e+01 1.031558910087558623e+01
-1.448581461543467164e+01 4.779664331919327935e+01 3.948239051912510433e+01 -4.095518384233998432e+01 2.838415465483220856e+01 3.933636396625449549e+01 -3.229696103146153519e+01 1.686557266391286447e+01 1.005253937339428738e+01 -5.777358418328652157e+00 3.616504014675916068e+01 1.024330005237077046e+01
-4.987471241584169945e+01 1.003502882161404708e+00 3.920188155726877000e+01 -3.987445951106607822e+01 -3.022073863545991657e+01 3.937477205688886528e+01 -2.611151098982858443e+01 -2.588864318463595637e+01 1.019203728703672773e+01 -3.608182907312568943e+01 5.306964258898782205e+00 9.992598344341237393e+00
