1.662081721027129078e+01 -1.673133399716941838e+01 8.929803216058743942e+01 -1.689414248807061725e+01 -1.658451022149238341e+01 8.931029922638541052e+01 -1.669297718118384566e+01 1.676604431259442762e+01 8.930607889698757162e+01 1.680412347182667432e+01 1.660587309868615691e+01 8.927836936709370264e+01
1.681072182414833449e+01 3.327698561509368602e+01 7.956017475280135898e+01 -1.595389053230513809e+01 3.349544110421239651e+01 7.953503321061945996e+01 -1.647692355803788899e+01 4.812739270189538843e+01 4.973635467906944996e+01 1.679205536188059966e+01 4.708913394262706476e+01 4.968072644843688579e+01
-2.561846727669992418e+01 2.539491664789760961e+01 7.856313640051506297e+01 -3.544702066654585337e+01 -5.294428856346180545e+00 7.900947339943914471e+01 -5.067622152697059335e+01 -6.342930715810530806e-01 4.965031769943301754e+01 -4.020660783660093784e+01 3.040238954818144990e+01 4.955705591944213495e+01
-3.299873916379855388e+01 -1.697625248431061351e+01 7.924763440310238138e+01 -6.147094021946078790e+00 -3.667017500376459083e+01 7.929093740336990948e+01 -1.507233195860860775e+01 -4.911701511396019271e+01 4.973225264529565237e+01 -4.162959705755991280e+01 -2.892799342242273042e+01 4.966320814133010941e+01
6.283737184701037037e+00 -3.703754685446048711e+01 7.963911663255616702e+01 3.327960245388868543e+01 -1.737725460777070907e+01 7.949320225174557208e+01 4.206277060793963329e+01 -2.959498113550759868e+01 4.976482188116182215e+01 1.509826048211998639e+01 -4.930240657559718898e+01 4.994098085631547690e+01
3.702378686142749586e+01 -5.444662835189616246e+00 7.946666984640827991e+01 2.669246005861972293e+01 2.652111133204603988e+01 7.950601838109591313e+01 4.075339787258721458e+01 3.083817866767265414e+01 4.972455457779750532e+01 5.073401109682968269e+01 -9.361137603544193997e-01 4.947015052943720548e+01
-1.622769702512902157e+01 -5.016870168138669328e+01 3.894626429420353730e+01 1.620569079478121921e+01 -4.855150365699810067e+01 3.902349538454967615e+01 1.614160095227009961e+01 -3.488205268027400763e+01 9.149459724960195217e+00 -1.568080675521020773e+01 -3.501641596843924731e+01 9.659572250515013891e+00
4.138970979992478760e+01 -3.075628882889085958e+01 3.911299689561050741e+01 5.154968144313818357e+01 4.255088058277767260e-01 3.909220941633788016e+01 3.726044661089963483e+01 5.106236480655733878e+00 9.723047795803440252e+00 2.782758582288542826e+01 -2.614267084967585220e+01 9.642219021034017956e+00
4.266414430088549636e+01 2.982610841570249605e+01 3.953240714279470325e+01 1.580634446783354363e+01 4.970917777035963070e+01 3.961694842412156703e+01 6.530103877575681892e+00 3.774808782163560039e+01 1.007428353118458908e+01 3.395305428158834360e+01 1.880177374549620595e+01 9.914277657596178628e+00
-1.542343783082047359e+01 4.920012017006862948e+01 3.843624205307110486e+01 -4.194189668447859987e+01 2.953715738689496462e+01 3.881622441942341339e+01 -3.331256026452221164e+01 1.737533912761021782e+01 9.165100800528282576e+00 -6.250499071757803726e+00 3.691169115849828586e+01 9.218068398545831599e+00
-5.137076144225647312e+01 9.351578932015167656e-01 3.830805671911259225e+01 -4.132422075418750040e+01 -3.069095892092538236e+01 3.879883998590312899e+01 -2.549187783442013000e+01 -2.684994255584239653e+01 9.542525375600090953e+00 -3.693081611469094128e+01 4.938603483243347192e+00 8.920950523754783035e+00
