1.481010614932718106e+01 -1.440239698943270952e+01 2.701162601147778446e+02 -1.795970796831260330e+01 -1.421619934565147503e+01 2.700668891024828326e+02 -1.773444555125306721e+01 1.846570441717511812e+01 2.701661146672336145e+02 1.502927623521248002e+01 1.828274906077387740e+01 2.701988669725296290e+02
1.507922739429647052e+01 3.439035296188996682e+01 2.604458995884113506e+02 -1.761004270747483957e+01 3.457816307204219441e+01 2.602523308887807048e+02 -1.727386425943656789e+01 4.936220895135801356e+01 2.311273576456696048e+02 1.538492201698132789e+01 4.919632246139399712e+01 2.313321194514998069e+02
-2.704819771736327993e+01 2.777902890448169160e+01 2.601874767144918223e+02 -3.720089880990816056e+01 -3.240521435317508914e+00 2.599665904917598596e+02 -5.113183191591845400e+01 1.532763170256050245e+00 2.307867354085731506e+02 -4.095428010156356891e+01 3.254503651873066161e+01 2.310037718099321182e+02
-3.383239340840565035e+01 -1.462832258778055738e+01 2.600648574519955218e+02 -7.483476533789048979e+00 -3.395973964434767822e+01 2.600775527317504725e+02 -1.614568512278082579e+01 -4.579285908849450237e+01 2.310314841712779526e+02 -4.250047834052778484e+01 -2.648014244264492234e+01 2.310301894065335944e+02
4.766637140038743503e+00 -3.421313940758879113e+01 2.600337855325404348e+02 3.122185287588660074e+01 -1.512339055520171271e+01 2.600927564395713034e+02 3.978278827624176728e+01 -2.692191178252644690e+01 2.309749273340550815e+02 1.336848125892480610e+01 -4.608448070083118608e+01 2.309630259342667102e+02
3.479445003188916985e+01 -3.513609155392427130e+00 2.601526961400940081e+02 2.483635168958575790e+01 2.760276831904252504e+01 2.601299740033890089e+02 3.890331221244978366e+01 3.205588920009329001e+01 2.310900868677062192e+02 4.883893961444146470e+01 9.431214800420681943e-01 2.311038980513954186e+02
-1.777646966897919967e+01 -4.526583650174595164e+01 2.200092370267253727e+02 1.489092216879238073e+01 -4.540458069638125949e+01 2.201266982212130756e+02 1.510328649609062168e+01 -3.070403120814102493e+01 1.910965796440212330e+02 -1.760265778727476160e+01 -3.061932468844953803e+01 1.909547781951919774e+02
3.865716835015003738e+01 -2.818784949486143177e+01 2.204412034494280022e+02 4.864786574760405102e+01 2.828464486372197051e+00 2.205065913397520774e+02 3.484154060011162102e+01 7.322362394164671606e+00 1.913589419053980123e+02 2.480850814188230302e+01 -2.367568615769914331e+01 1.912760311366338897e+02
3.967296586601690933e+01 3.062174488016379570e+01 2.207316764931155149e+02 1.330931980480172605e+01 4.981542804181585637e+01 2.207343411784212321e+02 4.811347548732023860e+00 3.814787398377328742e+01 1.915564712922633248e+02 3.121124240422995300e+01 1.894848442376553166e+01 1.915287206289209792e+02
-1.559439782235328842e+01 4.983120067516848906e+01 2.206427858764395751e+02 -4.199136938618384107e+01 3.062558950148983783e+01 2.204458450165497823e+02 -3.340281345165061566e+01 1.908774650581237964e+01 1.913014334836875605e+02 -6.944671985716553309e+00 3.826150442864891232e+01 1.915459418922620216e+02
-5.105165341343681007e+01 3.176228740967935060e+00 2.202733803078056667e+02 -4.118791885844611045e+01 -2.789881905788281813e+01 2.203587454151671068e+02 -2.739899447371321628e+01 -2.358712331810191998e+01 1.913246712854613065e+02 -3.724032226071206253e+01 7.513535009554978217e+00 1.912296907769099619e+02
