1.715489196777343750e+01 -1.766442489624023438e+01 8.907059478759765625e+01 -1.746820068359375000e+01 -1.748571395874023438e+01 8.910715484619140625e+01 -1.725674819946289062e+01 1.711811637878417969e+01 8.898963928222656250e+01 1.734342765808105469e+01 1.693816566467285156e+01 8.897413635253906250e+01
1.738520050048828125e+01 3.243690109252929688e+01 7.990853881835937500e+01 -1.726662445068359375e+01 3.251081848144531250e+01 7.981415557861328125e+01 -1.708584022521972656e+01 4.800238418579101562e+01 4.885108947753906250e+01 1.756539154052734375e+01 4.792401123046875000e+01 4.893771362304687500e+01
-2.529283905029296875e+01 2.639395713806152344e+01 7.986645507812500000e+01 -3.603555679321289062e+01 -6.612603187561035156e+00 7.970528411865234375e+01 -5.077676391601562500e+01 -1.586074352264404297e+00 4.876399612426757812e+01 -3.998683166503906250e+01 3.142567062377929688e+01 4.891461944580078125e+01
-3.288667678833007812e+01 -1.576878643035888672e+01 7.980020141601562500e+01 -4.922859668731689453e+00 -3.612126541137695312e+01 7.981919860839843750e+01 -1.414319705963134766e+01 -4.883506011962890625e+01 4.896660614013671875e+01 -4.211627960205078125e+01 -2.847644424438476562e+01 4.894908905029296875e+01
5.046707153320312500e+00 -3.629370880126953125e+01 7.983385467529296875e+01 3.304816436767578125e+01 -1.585919952392578125e+01 7.979134368896484375e+01 4.220068740844726562e+01 -2.848906517028808594e+01 4.887503433227539062e+01 1.425086784362792969e+01 -4.899282455444335938e+01 4.896055603027343750e+01
3.612329864501953125e+01 -6.297385692596435547e+00 8.002707672119140625e+01 2.536426925659179688e+01 2.676687431335449219e+01 7.991115570068359375e+01 4.017657852172851562e+01 3.144207000732421875e+01 4.893937301635742188e+01 5.089588546752929688e+01 -1.638410568237304688e+00 4.904032516479492188e+01
-1.738637924194335938e+01 -4.776432800292968750e+01 4.029488372802734375e+01 1.719811439514160156e+01 -4.781393051147460938e+01 4.034787368774414062e+01 1.727354049682617188e+01 -3.241092681884765625e+01 9.341571807861328125e+00 -1.733803367614746094e+01 -3.237447357177734375e+01 9.295475006103515625e+00
4.012091445922851562e+01 -3.112084197998046875e+01 4.035416412353515625e+01 5.072533416748046875e+01 1.848924160003662109e+00 4.033710861206054688e+01 3.599511718750000000e+01 6.555424690246582031e+00 9.368676185607910156e+00 2.537636756896972656e+01 -2.643863868713378906e+01 9.390594482421875000e+00
4.193138504028320312e+01 2.852786636352539062e+01 4.014850616455078125e+01 1.383628368377685547e+01 4.897153472900390625e+01 4.019179153442382812e+01 4.686972618103027344e+00 3.643225860595703125e+01 9.286312103271484375e+00 3.282394790649414062e+01 1.600158119201660156e+01 9.211797714233398438e+00
-1.406491661071777344e+01 4.872834777832031250e+01 4.018298339843750000e+01 -4.211837768554687500e+01 2.844480323791503906e+01 4.046639251708984375e+01 -3.330843353271484375e+01 1.578842163085937500e+01 9.415506362915039062e+00 -5.201122760772705078e+00 3.600566482543945312e+01 9.159394264221191406e+00
-5.062896347045898438e+01 1.807215332984924316e+00 4.033222198486328125e+01 -4.002276992797851562e+01 -3.120534133911132812e+01 4.046848678588867188e+01 -2.536259841918945312e+01 -2.659858894348144531e+01 9.362598419189453125e+00 -3.600229263305664062e+01 6.417609691619873047e+00 9.216415405273437500e+00
