1.754177093983576441e+01 -1.610265964709948605e+01 8.894228259563146821e+01 -1.574965753487809295e+01 -1.663106379378437794e+01 8.878578312260654570e+01 -1.618311709282208000e+01 1.668536851243917951e+01 8.902210223258677502e+01 1.712042510653371252e+01 1.716994798336675743e+01 8.912557294149512188e+01
1.670208031017457273e+01 3.382866196323719521e+01 7.938896824308443456e+01 -1.627853373860189734e+01 3.348601430578223415e+01 7.933975232191028226e+01 -1.589161833251993095e+01 4.825750298199198340e+01 4.985134945115422056e+01 1.660479126046286069e+01 4.874255438221396020e+01 4.979214727137742358e+01
-2.602291721974124883e+01 2.592889020318738602e+01 7.951947491314216165e+01 -3.614397365214599489e+01 -5.385598791180408185e+00 7.938608141964022025e+01 -5.014378070213904692e+01 -9.994356551381755605e-01 4.958424561905155770e+01 -4.022474905407510448e+01 3.067342182528891925e+01 4.981959264112969521e+01
-3.312680747131936698e+01 -1.813251878006171935e+01 7.899048562696216891e+01 -7.034924435325391023e+00 -3.732867530746532481e+01 7.898135821693085745e+01 -1.527826680885167221e+01 -4.920098741564295608e+01 4.940115706818245656e+01 -4.165097416473512482e+01 -2.943849740498058054e+01 4.938800617023986206e+01
6.321209498834472917e+00 -3.705436752660690303e+01 7.970022145913310396e+01 3.286877404109537792e+01 -1.747195837389439532e+01 7.969194618551148324e+01 4.160658811727404327e+01 -2.931168243458261102e+01 5.008256191513161326e+01 1.477283892688782529e+01 -4.874005746533008931e+01 5.012949906208464768e+01
3.692582356200810523e+01 -4.969320765880111956e+00 7.926411059814618909e+01 2.655565539139952591e+01 2.664018628322249427e+01 7.924673109706067464e+01 4.071169434785975483e+01 3.125519767195924103e+01 4.947998215178922266e+01 5.107049201967161878e+01 -3.915815755342696991e-01 4.949125885851170636e+01
-1.707698023054302183e+01 -4.846818294653436965e+01 3.954615926459548092e+01 1.626837989092965842e+01 -4.850219100437974618e+01 3.867950057109187867e+01 1.590135661982369797e+01 -3.397541406787490104e+01 9.304437824591213158e+00 -1.697869706735527373e+01 -3.455911015934826480e+01 9.404425496657786709e+00
4.031024733145683570e+01 -3.063537376128088496e+01 3.915926305900599402e+01 5.087646891582522812e+01 4.312854387530404843e-01 3.899235107112821908e+01 3.654557081717475597e+01 4.535187427854467934e+00 9.774681330155171821e+00 2.675451920664203698e+01 -2.654194169711684026e+01 9.629006878735282271e+00
4.208787337954360197e+01 3.054581342273353073e+01 3.874966237847586115e+01 1.510034384143918551e+01 4.957957672064068078e+01 3.884228093658142456e+01 6.729266855936788971e+00 3.779706935318338168e+01 9.176430349355669591e+00 3.352825148519269050e+01 1.868505781819857603e+01 9.135396838482648718e+00
-1.450209999293901042e+01 4.926456921787174537e+01 3.888695230128185898e+01 -4.123107615362449252e+01 2.965635789379365406e+01 3.897807149387109860e+01 -3.251534489930156724e+01 1.779094425603225460e+01 9.400018773596370281e+00 -6.113534232113503997e+00 3.737233368569400938e+01 9.198072341274967201e+00
-5.047766370980218653e+01 6.728768527746298300e-01 3.893621689382209894e+01 -4.002296413007719167e+01 -3.074751079479369764e+01 3.870815921069772259e+01 -2.597117698283750187e+01 -2.580126062149037125e+01 8.869049180387799325e+00 -3.647093992618584224e+01 5.661394652473087596e+00 9.051059292970858650e+00
