1.719426699825305604e+01 -1.771255378717124884e+01 8.897819859462236991e+01 -1.746010714609590764e+01 -1.754417469418084607e+01 8.902303270583256278e+01 -1.725326786990465777e+01 1.708619564328642326e+01 8.894290253787151812e+01 1.736786618991896347e+01 1.691657403358631839e+01 8.889993928981834870e+01
1.741147460476704367e+01 3.244484855773538357e+01 7.981692778184057602e+01 -1.727482741359908758e+01 3.249990596002520959e+01 7.973131672355127364e+01 -1.710759425721434823e+01 4.796854078888365791e+01 4.873025389665184548e+01 1.757851252072265424e+01 4.790227978921354435e+01 4.880125763576503317e+01
-2.530924678068481981e+01 2.637360593843651912e+01 7.982632684132090617e+01 -3.604374888631758012e+01 -6.661172981424890338e+00 7.964591321253467981e+01 -5.077675209003422907e+01 -1.629094641580014269e+00 4.867152097142441391e+01 -3.999040802716790921e+01 3.140426693333757413e+01 4.882385234597948198e+01
-3.288787943976856099e+01 -1.585837150337217594e+01 7.976647707620521999e+01 -4.922205618637063296e+00 -3.622646251933922201e+01 7.976532483091507686e+01 -1.414953955139139730e+01 -4.888727680566513101e+01 4.887066236581612344e+01 -4.212200909415363270e+01 -2.852295331102686760e+01 4.887367000815248019e+01
5.098041464918163790e+00 -3.637253709445991490e+01 7.975037301314550575e+01 3.311223402091330570e+01 -1.592262632179324378e+01 7.969480867894135656e+01 4.222376402974510512e+01 -2.851968715873038818e+01 4.871572717568497524e+01 1.425822681612030607e+01 -4.903640457242661910e+01 4.881159375438380721e+01
3.615740496053924602e+01 -6.342484236135212505e+00 7.987118368506156685e+01 2.537508683772815132e+01 2.675983777465198443e+01 7.976849961596946059e+01 4.015178063502269623e+01 3.143274936117457230e+01 4.872934933172165728e+01 5.089584040240391261e+01 -1.677100539036149973e+00 4.880986027101724289e+01
-1.737733548829294250e+01 -4.778749562697855424e+01 4.022576150862524003e+01 1.725571989308078358e+01 -4.785062897248201352e+01 4.024438827243667305e+01 1.728692339298311609e+01 -3.235100233002748382e+01 9.219833327581476112e+00 -1.735125137089040948e+01 -3.230741202220241348e+01 9.201869601059586401e+00
4.010330228851477585e+01 -3.113302885942981035e+01 4.021824775446861366e+01 5.074236827407721506e+01 1.875103383478162522e+00 4.017722504731098354e+01 3.593779396056869757e+01 6.570327797855219920e+00 9.210122557675884281e+00 2.530410183935168433e+01 -2.644629938743700492e+01 9.240189560720654782e+00
4.192363602898533514e+01 2.854940341319558073e+01 4.001515798755642095e+01 1.377919862383572536e+01 4.901004387664941930e+01 4.008451351251454042e+01 4.619267387109102785e+00 3.643477299033526862e+01 9.162139799535580664e+00 3.278881635023729757e+01 1.599093330517465184e+01 9.064516072329524832e+00
-1.410697276899633756e+01 4.874051143668950914e+01 4.012680444494726117e+01 -4.217990551823825029e+01 2.838462605521240079e+01 4.042792598459957532e+01 -3.334400044537366625e+01 1.572399491321410459e+01 9.343493520208015823e+00 -5.227061802644661803e+00 3.598121108591071504e+01 9.073035196719107631e+00
-5.063816764888114363e+01 1.747445338767047884e+00 4.030725345125058823e+01 -4.001182178495925257e+01 -3.131048047198917672e+01 4.042466954000688872e+01 -2.529186590100148635e+01 -2.662034744007748088e+01 9.285383264584373464e+00 -3.594271758929058080e+01 6.421351804760949022e+00 9.158830136099934904e+00
