1.674989486017434004e+01 -1.745986568573491837e+01 8.914868341262696561e+01 -1.730948478246438071e+01 -1.721276855566835096e+01 8.915328147256016678e+01 -1.704501543444618505e+01 1.681154153152252917e+01 8.906312755063861175e+01 1.699751340641448039e+01 1.659564042625181912e+01 8.907670185981694999e+01
1.696130234898195610e+01 3.259798122180684032e+01 7.978766107920765194e+01 -1.706083200303419645e+01 3.272083385151773172e+01 7.960928475340932664e+01 -1.679130563353882621e+01 4.786387742893494135e+01 4.913025065949495485e+01 1.726766940095201264e+01 4.771190223720698498e+01 4.933454271251329715e+01
-2.562089328940692567e+01 2.613241901871507622e+01 7.970273534245590952e+01 -3.625974565634697910e+01 -6.306847582152017573e+00 7.946914015292938416e+01 -5.058221559693593150e+01 -1.312171915164446867e+00 4.895324929921019219e+01 -3.990484485135048942e+01 3.113397434276851072e+01 4.916488338718595941e+01
-3.283414523125689044e+01 -1.615621023439905457e+01 7.963653495221097955e+01 -5.373146069641053124e+00 -3.625620365447454674e+01 7.965537337389964989e+01 -1.439744392107680326e+01 -4.857279001608918634e+01 4.920180821939354843e+01 -4.185589245384968393e+01 -2.849496218535986003e+01 4.918092859459746080e+01
5.381337508212578058e+00 -3.634560493194113917e+01 7.970888284156654890e+01 3.292298246514447868e+01 -1.626134793448905214e+01 7.966040884549201451e+01 4.183172494423918408e+01 -2.858554052212543084e+01 4.916645059935355278e+01 1.434880549492429935e+01 -4.871287039715381439e+01 4.923872556898015063e+01
3.613470812266630361e+01 -5.931991843834969913e+00 7.986592308197658951e+01 2.554282028398911208e+01 2.657684500773595104e+01 7.976224099228601006e+01 4.008657772401674890e+01 3.108755164677531369e+01 4.926528855487369896e+01 5.060203318667701922e+01 -1.430313685021907366e+00 4.938288951492754109e+01
-1.711775975129293670e+01 -4.768907015631497615e+01 4.004738629785180848e+01 1.695822024100615621e+01 -4.783164962250353369e+01 4.011531329627089804e+01 1.696683462277771071e+01 -3.241769860713284857e+01 9.637118507542075108e+00 -1.705065330372293886e+01 -3.229892026587785381e+01 9.590476817779736152e+00
4.012317867413811001e+01 -3.081777937994323580e+01 4.018850725435829929e+01 5.060886564287880418e+01 1.601519924077796198e+00 4.016432680305042879e+01 3.600833007716294532e+01 6.204374831773930232e+00 9.719906748552364917e+00 2.554424921012075345e+01 -2.617371947826375234e+01 9.753933334444715442e+00
4.160712290029680105e+01 2.867193351795443590e+01 4.003034017234799080e+01 1.400591397995769327e+01 4.879400695175254299e+01 4.000816156508426502e+01 5.110403694087179538e+00 3.632975068598360480e+01 9.595158602903763878e+00 3.273293551525110701e+01 1.625969889123139112e+01 9.600854843459819321e+00
-1.427553072638384712e+01 4.851295945936300313e+01 4.001486768477324318e+01 -4.190322956864086024e+01 2.855664261272676896e+01 4.019927746187880757e+01 -3.306498504049019260e+01 1.601508423105461887e+01 9.676237561107400964e+00 -5.395752809947071960e+00 3.592880637043240455e+01 9.556010322598025297e+00
-5.051233595332190163e+01 1.524018712867541758e+00 4.008997419070406920e+01 -4.012018388460377594e+01 -3.101818570563927580e+01 4.020088534633811861e+01 -2.545868055918335315e+01 -2.631792211325126374e+01 9.621884079848650018e+00 -3.588620668215305898e+01 6.188706134676785098e+00 9.547777270085763490e+00
