1.672911923614866225e+01 -1.887916360131830729e+01 9.514624364288064839e+01 -1.708897332572539440e+01 -1.863808315193914922e+01 9.511418294806037466e+01 -1.685304603966680403e+01 1.508408343636892113e+01 9.510611063668957854e+01 1.693912294324858436e+01 1.493426937182994507e+01 9.510001235519925444e+01
1.671013175520373295e+01 3.064039764950515732e+01 8.552263483023297397e+01 -1.712362709795139182e+01 3.094445173081542322e+01 8.544146465307517246e+01 -1.692767415793336738e+01 4.621350834183201073e+01 5.535712213300122642e+01 1.700760112510862498e+01 4.584870505968743259e+01 5.541224414035039558e+01
-2.536747091748248906e+01 2.419605998511183031e+01 8.573146384457473346e+01 -3.609480542519556678e+01 -8.034706554707529591e+00 8.545386303012836038e+01 -5.053188024843513659e+01 -2.984776676958009745e+00 5.533815298662759830e+01 -3.977672197454253222e+01 2.927784503720500098e+01 5.561210613133341951e+01
-3.244913456508443517e+01 -1.777204161128108595e+01 8.575584305176886346e+01 -5.129676393563048720e+00 -3.784698021631230347e+01 8.574103915357929395e+01 -1.424758296231808252e+01 -5.014146829650508153e+01 5.556448323992800198e+01 -4.155985811397658125e+01 -3.010884509815974752e+01 5.564028311954749739e+01
5.449291890428158425e+00 -3.739363724194431882e+01 8.570846301344464280e+01 3.297416339164383459e+01 -1.757360237413729820e+01 8.573793767560896129e+01 4.182117204908497854e+01 -2.995720382021925943e+01 5.553018253587508468e+01 1.434618596147762482e+01 -4.977509640490389842e+01 5.554590421902622666e+01
3.568914988330885052e+01 -7.307587054748671207e+00 8.561257677675311584e+01 2.536384457765749545e+01 2.508645618720132831e+01 8.565437120534900828e+01 3.995722402550661911e+01 2.960033847237417248e+01 5.547294806099603903e+01 5.018336203299126197e+01 -2.852412507186269153e+00 5.542089027598148476e+01
-1.679472057547726038e+01 -4.891000932696630343e+01 4.632514056305696215e+01 1.701958021311730107e+01 -4.925483769689434155e+01 4.630078145876837681e+01 1.704550657551856574e+01 -3.429123655720490405e+01 1.597500696356744498e+01 -1.667926028043010689e+01 -3.388005133652156076e+01 1.599230874533009938e+01
3.979268789923709448e+01 -3.203687537128165275e+01 4.626581945117681016e+01 5.051876963772146922e+01 8.904017093926741566e-03 4.622144088154200148e+01 3.621328387542703808e+01 4.656941796547610757e+00 1.591754503403865328e+01 2.547008457063165920e+01 -2.728130565361388449e+01 1.594681279622492553e+01
4.112925876292030125e+01 2.698836526603326647e+01 4.610958519132394429e+01 1.387395722025022060e+01 4.731184475245564869e+01 4.621079961965349980e+01 5.036207457830847112e+00 3.527030396910923571e+01 1.583664864930740990e+01 3.226182966175081646e+01 1.501138756467557300e+01 1.570119044632425265e+01
-1.446765064294106296e+01 4.631387032665869441e+01 4.623066828921205484e+01 -4.203205918822354192e+01 2.692427770041468804e+01 4.654478857481822018e+01 -3.369742874223445739e+01 1.444207222191739604e+01 1.600956363722248810e+01 -6.011922463074210299e+00 3.395436208570767889e+01 1.576156191352150771e+01
-5.017332406976674264e+01 -3.162859999156848456e-01 4.637036409725945418e+01 -3.999539436361271072e+01 -3.274105521606267644e+01 4.649476664102276402e+01 -2.581799187077952951e+01 -2.829741552861167975e+01 1.598216067349815006e+01 -3.594773806864875354e+01 4.082775916701922192e+00 1.587599294090173885e+01
