1.701718931448539252e+01 -1.747954278389676475e+01 8.902934948517614089e+01 -1.724794499669365422e+01 -1.734653277800100213e+01 8.906205882706159116e+01 -1.708894507429766918e+01 1.694735097752687736e+01 8.896519974583483759e+01 1.715815312738843090e+01 1.681477144268234980e+01 8.894488660535083113e+01
1.712615521132902785e+01 3.264524203207528075e+01 7.972912526756108775e+01 -1.715599579603379610e+01 3.264754956119406870e+01 7.962835075161471821e+01 -1.702653223869177168e+01 4.785077465539376362e+01 4.896513305571215824e+01 1.727298824108160957e+01 4.783320873459562250e+01 4.907473517750607073e+01
-2.551292342843595407e+01 2.619399578782912030e+01 7.970182441516713823e+01 -3.610410676245704309e+01 -6.489276573912805546e+00 7.954299949224819954e+01 -5.061871510168716526e+01 -1.594469258747621909e+00 4.894295021616761687e+01 -3.998967156295974235e+01 3.110536390200859103e+01 4.909060629895667205e+01
-3.280877077420505117e+01 -1.610876894119342495e+01 7.965149431355877141e+01 -5.069576332376841243e+00 -3.623117008500993563e+01 7.964716743604850535e+01 -1.411233309406309466e+01 -4.870469774259108675e+01 4.913972295292439441e+01 -4.184924053529347532e+01 -2.860816412878531168e+01 4.912099552009218684e+01
5.394570802614509830e+00 -3.635893941473353408e+01 7.968523425267959226e+01 3.305277049931481770e+01 -1.608956458201776485e+01 7.962602152894427832e+01 4.204026135377696960e+01 -2.845355054122537553e+01 4.904236857430964136e+01 1.443131920791441836e+01 -4.876070061082874929e+01 4.908221405380560043e+01
3.623452294461008449e+01 -5.993805278118734314e+00 7.977566505937927843e+01 2.552988930736621143e+01 2.671554221634065129e+01 7.967964946576536533e+01 4.004028059136854267e+01 3.131833113885372200e+01 4.908438569927260176e+01 5.070357321117647587e+01 -1.419807623930154028e+00 4.917158004520287307e+01
-1.710927343753864349e+01 -4.793800642598006334e+01 4.020065392340851673e+01 1.702496318142541654e+01 -4.794747144220209378e+01 4.024611262424652836e+01 1.706953625870050573e+01 -3.253291135541175549e+01 9.732726088541243215e+00 -1.705701973365259150e+01 -3.252924752040622280e+01 9.687538954249127698e+00
4.027158815000668568e+01 -3.080891168082808562e+01 4.018124983613216727e+01 5.078094667326021039e+01 1.850131183988229955e+00 4.017352173623994105e+01 3.614832521536518328e+01 6.480793137202599752e+00 9.684873724620807423e+00 2.562391062998571556e+01 -2.617394841171065067e+01 9.716897633415509716e+00
4.179514439547708093e+01 2.886875295667318397e+01 3.998219912303286350e+01 1.391070863382276102e+01 4.907706031158447502e+01 4.002854786723464997e+01 4.858819386052389611e+00 3.657644803929374433e+01 9.548943579032618700e+00 3.277725414335260723e+01 1.642275683001483344e+01 9.471619759390456750e+00
-1.460731239684692007e+01 4.862629666337331003e+01 3.998728136812014355e+01 -4.219167890386879805e+01 2.853611755344298473e+01 4.025455858036171009e+01 -3.317354808056946069e+01 1.603404068830569429e+01 9.706370145788669745e+00 -5.577670431863742451e+00 3.606750679727814202e+01 9.483643605667312571e+00
-5.068863535329816017e+01 1.487715301634118248e+00 4.024830138768371768e+01 -4.012052661845667956e+01 -3.116916055767824290e+01 4.036775522799485572e+01 -2.558440075556778126e+01 -2.650347671645841530e+01 9.716754426545435308e+00 -3.619449632451507171e+01 6.119700833142741381e+00 9.589736333856683004e+00
