1.636984346784800337e+01 -1.624177456580273571e+01 8.897663076213083855e+01 -1.635976425805289125e+01 -1.625251154694354483e+01 8.919105505835626957e+01 -1.632759859927611146e+01 1.638603120447706374e+01 8.920227397454796403e+01 1.639495283384883351e+01 1.640642615087789480e+01 8.900125034422889314e+01
1.634564796560625410e+01 3.262300104898098851e+01 7.915150084533212294e+01 -1.639666199333925789e+01 3.261924466651727528e+01 7.923030187507774258e+01 -1.638988796044043994e+01 4.729693749581429074e+01 5.005208154210779270e+01 1.632078737772893362e+01 4.729714457088880408e+01 4.995920097687719874e+01
-2.587246464310852900e+01 2.567991567631196403e+01 7.920654775383928836e+01 -3.584410353200853905e+01 -5.430126918377149892e+00 7.913517456258340133e+01 -4.998529154662959684e+01 -8.108365671121462448e-01 5.005043816287192726e+01 -3.997322754190006577e+01 3.030580474025985538e+01 5.009808035018310335e+01
-3.240808858008944071e+01 -1.693142637313585652e+01 7.929031263633076776e+01 -5.875424489740399103e+00 -3.613040148950777564e+01 7.916560472547496374e+01 -1.464805536047852463e+01 -4.804173005021399234e+01 5.012088204367830002e+01 -4.116967897835439771e+01 -2.885105145002508564e+01 5.024736206058421573e+01
6.435927182959484405e+00 -3.623680085530696005e+01 7.898584442457377008e+01 3.284530815064574227e+01 -1.692663623210549417e+01 7.879744364748539454e+01 4.126350941622445845e+01 -2.872869118514760700e+01 4.962204455226972755e+01 1.487771595874348485e+01 -4.809558071977485838e+01 4.982617181117512217e+01
3.637226937478970257e+01 -5.263083517704833625e+00 7.878340856083097776e+01 2.622248802008652291e+01 2.584916886339008002e+01 7.879658030105800037e+01 3.997623778228005165e+01 3.031389556689844511e+01 4.961670512118313781e+01 5.008806922929365868e+01 -8.112225250978675195e-01 4.957501077763583197e+01
-1.641949715856979353e+01 -4.750040130777811953e+01 3.909910236104458647e+01 1.636345061882597918e+01 -4.744998740329264564e+01 3.899769087429185532e+01 1.624075678147080382e+01 -3.278745406563211873e+01 9.778678313334461691e+00 -1.654812051969087250e+01 -3.285339166923866117e+01 9.863880156250798947e+00
3.999627177016206758e+01 -3.008444209656266111e+01 3.906042561353377351e+01 4.987442792407652803e+01 1.100978848827407042e+00 3.898500564190735673e+01 3.578809007260959163e+01 5.456137653430066514e+00 9.833953443756675128e+00 2.587733553562225097e+01 -2.571477208041261164e+01 9.899228801786151166e+00
4.073654219061464943e+01 2.883413576517856569e+01 3.921583778121930663e+01 1.418946795470531974e+01 4.797346352174530892e+01 3.937971401422849027e+01 5.510709566510989532e+00 3.615179465893971411e+01 1.018139817286181703e+01 3.209423062519127257e+01 1.702485526717650544e+01 1.000001760265329054e+01
-1.475107679127639848e+01 4.779119632797778650e+01 3.951613493020830248e+01 -4.113097654188339192e+01 2.830897825240336374e+01 3.956596414604153011e+01 -3.266623070676261165e+01 1.678345861927995486e+01 1.025159661538813261e+01 -6.214975200275507206e+00 3.618812066174322695e+01 1.024642740336158830e+01
-4.999009789000716353e+01 8.542722295507442221e-01 3.948721424473614405e+01 -3.990468646304799449e+01 -3.032838427831223527e+01 3.957901649779953601e+01 -2.634896092005160995e+01 -2.593603671862583226e+01 1.031630946471410937e+01 -3.640723072875744037e+01 5.230770249622484158e+00 1.020636580394139870e+01
