1.619280997602669103e+01 -1.634796533023294174e+01 8.906925871657406901e+01 -1.658845806612721674e+01 -1.631113509776754711e+01 8.906760371115544217e+01 -1.653440375997970335e+01 1.640523102783895837e+01 8.908015800063422773e+01 1.625112662431375909e+01 1.638178893433220296e+01 8.909517803939640146e+01
1.629596427272496584e+01 3.248257096115382581e+01 7.928091232793707377e+01 -1.648743713425987778e+01 3.254023585802924856e+01 7.913762548610768022e+01 -1.624782219464646715e+01 4.732377081460602142e+01 4.995969010554834711e+01 1.649584611731653183e+01 4.726532960689613105e+01 5.010057457462761477e+01
-2.586291085762725217e+01 2.573055129632703597e+01 7.911838285019373984e+01 -3.591895667152822824e+01 -5.422543769227599064e+00 7.897038076677181095e+01 -4.993672853927223798e+01 -7.327137436316466523e-01 4.981181456340924285e+01 -3.985223572304872874e+01 3.042436961369921633e+01 4.995175908711578217e+01
-3.256520696743915266e+01 -1.680673160003097522e+01 7.918333858756683696e+01 -5.991566536080362937e+00 -3.610079362864242114e+01 7.921565625607719596e+01 -1.468539375025943094e+01 -4.803850118529090452e+01 5.013533717851181848e+01 -4.125337363526381296e+01 -2.874673548270414614e+01 5.010774118410801492e+01
6.176522935937998504e+00 -3.622806997893309244e+01 7.905314580965055882e+01 3.265231698018422435e+01 -1.693434609564010884e+01 7.904937701836489339e+01 4.127156953522106875e+01 -2.881104214615611880e+01 4.991801553426689253e+01 1.483165087522792724e+01 -4.817535376292614302e+01 4.993891988476737254e+01
3.614040156892136224e+01 -5.365015074021437513e+00 7.902982653386965239e+01 2.602053619328083656e+01 2.579046550793006887e+01 7.898330466510120118e+01 4.006582271569999421e+01 3.027686875078750361e+01 4.990985775935654800e+01 5.015957751622323713e+01 -8.968321896227012813e-01 4.992531740723692479e+01
-1.644447824862341179e+01 -4.743679178228114779e+01 3.908145503619278571e+01 1.631206048117932284e+01 -4.748286830622324572e+01 3.916987208490599670e+01 1.639569818836790205e+01 -3.287177867686005328e+01 9.876334161022811031e+00 -1.636840817600719689e+01 -3.284804759012693154e+01 9.770558762847322498e+00
3.985291958011983127e+01 -3.018839586482438264e+01 3.935082611717237455e+01 4.984282000544731517e+01 9.540043312137165277e-01 3.934845082422921081e+01 3.602567809118912834e+01 5.330327347768737845e+00 1.001627695639661653e+01 2.601390164694820228e+01 -2.579454728830015142e+01 1.000396444910556859e+01
4.086411881872047758e+01 2.868789679173694296e+01 3.957227444909545255e+01 1.441227762785472599e+01 4.788935665505076145e+01 3.952573846713402617e+01 5.936007804684504841e+00 3.613708306751809829e+01 1.016903830265046693e+01 3.241168963987085760e+01 1.695992323399880775e+01 1.021396932678174352e+01
-1.450123214158082163e+01 4.774529769694652259e+01 3.949682343775512550e+01 -4.095171693600750729e+01 2.834370122458951258e+01 3.938641685764506661e+01 -3.238286342285822172e+01 1.689277272135893071e+01 1.004445249544215280e+01 -5.871208190862215126e+00 3.613824898936954355e+01 1.019254021826796475e+01
-4.985255868083995523e+01 9.699127258589254064e-01 3.928951670704991983e+01 -3.988216115431423248e+01 -3.023502180707664166e+01 3.942726332120743393e+01 -2.621183907317333706e+01 -2.593223113077817388e+01 1.018387629948629147e+01 -3.615889135116453446e+01 5.255206919019061118e+00 1.000723325870222169e+01
