1.687718200683593750e+01 -1.739357948303222656e+01 8.907106018066406250e+01 -1.717861175537109375e+01 -1.720707321166992188e+01 8.915103149414062500e+01 -1.697608947753906250e+01 1.683601951599121094e+01 8.902030944824218750e+01 1.706558990478515625e+01 1.667205810546875000e+01 8.896593475341796875e+01
1.707684707641601562e+01 3.255928039550781250e+01 7.963668823242187500e+01 -1.699061965942382812e+01 3.265847396850585938e+01 7.958040618896484375e+01 -1.680694389343261719e+01 4.788161849975585938e+01 4.910525131225585938e+01 1.729288482666015625e+01 4.777124404907226562e+01 4.919071960449218750e+01
-2.551516723632812500e+01 2.617542076110839844e+01 7.962074279785156250e+01 -3.610689163208007812e+01 -6.313740730285644531e+00 7.947103881835937500e+01 -5.055451202392578125e+01 -1.375395655632019043e+00 4.899500656127929688e+01 -3.992454910278320312e+01 3.113143348693847656e+01 4.914098358154296875e+01
-3.275585937500000000e+01 -1.606551361083984375e+01 7.959212493896484375e+01 -5.226766586303710938e+00 -3.612625503540039062e+01 7.958592987060546875e+01 -1.429065895080566406e+01 -4.855577087402343750e+01 4.918124771118164062e+01 -4.182477951049804688e+01 -2.851148033142089844e+01 4.919235610961914062e+01
5.390363216400146484e+00 -3.627139663696289062e+01 7.965627288818359375e+01 3.292703628540039062e+01 -1.613158035278320312e+01 7.954023742675781250e+01 4.189064407348632812e+01 -2.851157760620117188e+01 4.907276535034179688e+01 1.441038894653320312e+01 -4.870482635498046875e+01 4.921745681762695312e+01
3.615190124511718750e+01 -5.961624622344970703e+00 7.980271911621093750e+01 2.555557823181152344e+01 2.656905937194824219e+01 7.969446563720703125e+01 4.013759994506835938e+01 3.114654350280761719e+01 4.921173095703125000e+01 5.068766403198242188e+01 -1.392905235290527344e+00 4.932829284667968750e+01
-1.713212585449218750e+01 -4.772814941406250000e+01 4.001570129394531250e+01 1.694361305236816406e+01 -4.779840087890625000e+01 4.004312896728515625e+01 1.694309997558593750e+01 -3.245575332641601562e+01 9.567725181579589844e+00 -1.709486389160156250e+01 -3.239643859863281250e+01 9.561827659606933594e+00
4.013010025024414062e+01 -3.085042190551757812e+01 4.007643890380859375e+01 5.057969665527343750e+01 1.592380166053771973e+00 4.004185485839843750e+01 3.595107269287109375e+01 6.234079837799072266e+00 9.614737510681152344e+00 2.550165939331054688e+01 -2.617356872558593750e+01 9.664350509643554688e+00
4.164535140991210938e+01 2.861692619323730469e+01 3.986755371093750000e+01 1.400809001922607422e+01 4.872620773315429688e+01 3.989350509643554688e+01 5.020997524261474609e+00 3.629598236083984375e+01 9.521981239318847656e+00 3.268234252929687500e+01 1.623410224914550781e+01 9.478075981140136719e+00
-1.424688053131103516e+01 4.849509048461914062e+01 3.989734268188476562e+01 -4.185974121093750000e+01 2.853063964843750000e+01 4.017396926879882812e+01 -3.312218475341796875e+01 1.596146297454833984e+01 9.658743858337402344e+00 -5.436055183410644531e+00 3.590349197387695312e+01 9.433465957641601562e+00
-5.052626419067382812e+01 1.563210606575012207e+00 4.006399536132812500e+01 -4.006000137329101562e+01 -3.096160888671875000e+01 4.019287872314453125e+01 -2.550924110412597656e+01 -2.634687614440917969e+01 9.593605995178222656e+00 -3.597058105468750000e+01 6.190607070922851562e+00 9.488127708435058594e+00
