1.055820652415817307e+01 -1.184906910488421872e+01 2.357145060590813443e+02 -1.106451423235732534e+01 -1.160684488844376361e+01 2.356234797095036129e+02 -1.079595671142926250e+01 1.003879292934057865e+01 2.358648192488177813e+02 1.082627592088267221e+01 9.793318159958252167e+00 2.359553710003317804e+02
1.084007027439868409e+01 2.177285431811819905e+01 2.287876539477229585e+02 -1.075624675659076424e+01 2.191613745794309409e+01 2.286706832523068442e+02 -1.055288897655716873e+01 3.179610196929568744e+01 2.094215132325422815e+02 1.103298499113393660e+01 3.164002116754953065e+01 2.095432245676634864e+02
-1.810806631695038504e+01 1.664861087700892739e+01 2.285065189527678342e+02 -2.487991622888639398e+01 -3.870760014864853549e+00 2.284736868383642729e+02 -3.409613176747109975e+01 -7.901688920383461712e-01 2.091546650821551339e+02 -2.732410385917074080e+01 1.973500554256858308e+01 2.091734176572552713e+02
-2.265086876538118332e+01 -1.260550661214213264e+01 2.281987124384805838e+02 -5.130625286984418665e+00 -2.546915944726601211e+01 2.281026109505143324e+02 -1.083621336527771106e+01 -3.312442519600300983e+01 2.086855769815551866e+02 -2.836281771306873978e+01 -2.028231646844314184e+01 2.087885302287798197e+02
4.287176690387389577e+00 -2.558596641404172090e+01 2.282664112759844954e+02 2.176073426039233638e+01 -1.290017455440729499e+01 2.284338794087853159e+02 2.748694972420144111e+01 -2.059773257704495109e+01 2.090203382390247953e+02 1.002466800809398428e+01 -3.328132855125697631e+01 2.088746531522087651e+02
2.483046417995123178e+01 -4.551199973850968306e+00 2.284678103568546419e+02 1.828104095445890565e+01 1.604626171243790722e+01 2.286250237494687951e+02 2.757093754112996820e+01 1.914930536783169757e+01 2.093798861115903094e+02 3.411872859553532322e+01 -1.454860003547232550e+00 2.092075825190634930e+02
-1.129501491618098186e+01 -3.292258500086059314e+01 2.007103152601897875e+02 1.053152339092620871e+01 -3.298245273695931701e+01 2.006221394836099137e+02 1.049952671222654921e+01 -2.310594504883469824e+01 1.813339329194910476e+02 -1.129190523206682073e+01 -2.309092407670830127e+01 1.813486855440128522e+02
2.728418369172487346e+01 -2.107167396708187823e+01 2.010504432087163025e+02 3.411031895132580871e+01 -4.748120267343467482e-01 2.013851058830418026e+02 2.489867770792027457e+01 2.774370520273202079e+00 1.819887623360428393e+02 1.808796344966648562e+01 -1.773267983335843212e+01 1.816878748780832780e+02
2.798479700230931755e+01 1.912449552902650041e+01 2.014225642724609031e+02 1.046342752761920281e+01 3.202246996801315504e+01 2.016333730085773084e+02 4.626899781793190947e+00 2.434066961435601328e+01 1.821764985552903227e+02 2.211651912333330827e+01 1.149612968303394034e+01 1.819708041399449598e+02
-9.902772663022727073e+00 3.214423922427012315e+01 2.017278207634767000e+02 -2.767149882857117049e+01 1.943832769919166026e+01 2.015729613558548294e+02 -2.203067279827972769e+01 1.179619396098512674e+01 1.821135910691391189e+02 -4.286814576654149889e+00 2.449595127442879416e+01 1.822660317936224033e+02
-3.436252202912283593e+01 2.173946845209812073e-02 2.012394946663060011e+02 -2.783946645024564148e+01 -2.077748342099619450e+01 2.011448088673319603e+02 -1.862793768307732023e+01 -1.774023737889092800e+01 1.817511601294959860e+02 -2.514626144003365837e+01 2.972201168016307626e+00 1.818832532233595316e+02
