1.632166890928837688e+01 -1.605954080498244707e+01 8.908116651658257013e+01 -1.651691994709714706e+01 -1.624506797573269168e+01 8.911950754080908155e+01 -1.667210394418252761e+01 1.657053366187215815e+01 8.893817595427938727e+01 1.617089526998517712e+01 1.675978840080198751e+01 8.889810723587943642e+01
1.604087769614377379e+01 3.274225585139960515e+01 7.900312667291646562e+01 -1.677457303585567772e+01 3.252364235206871967e+01 7.899603793426213372e+01 -1.680073249315293538e+01 4.712678283959863990e+01 4.969046594871650058e+01 1.600379498756122132e+01 4.735123221673874383e+01 4.968756142619084670e+01
-2.610068791518478903e+01 2.563124024330170769e+01 7.911352110155293360e+01 -3.589815356830489179e+01 -5.666230166231717824e+00 7.927821547656085954e+01 -5.009264171237605723e+01 -1.336205467182810969e+00 5.006457459386645326e+01 -4.026696983097578197e+01 2.997461208155453960e+01 4.991239799816945322e+01
-3.236603657121346345e+01 -1.699026462872842203e+01 7.941192842805156715e+01 -5.610635780264207284e+00 -3.608468164355450369e+01 7.953759756220915733e+01 -1.424749239690722646e+01 -4.836711251683004775e+01 5.053564252313489646e+01 -4.099070272367437440e+01 -2.928272438310558101e+01 5.039376052422905161e+01
6.496604890926582776e+00 -3.600829453791823198e+01 7.911455560539025100e+01 3.285333029636163360e+01 -1.650209146752730049e+01 7.897211017353100715e+01 4.158408292557685115e+01 -2.848996326983903060e+01 4.989930756957733138e+01 1.525053925049190440e+01 -4.807090426012312179e+01 5.004923391936527821e+01
3.620382637299054807e+01 -4.915437746957548981e+00 7.892221452844745500e+01 2.584846011703116631e+01 2.619766349864485733e+01 7.871077549329280032e+01 3.981103639953335716e+01 3.064903481633036719e+01 4.954026262942549863e+01 5.013974877810593966e+01 -4.920700440208491400e-01 4.972401480951543107e+01
-1.616166906989482399e+01 -4.797205727093835037e+01 3.940522145421059719e+01 1.667538972020970789e+01 -4.771714071517705236e+01 3.939355564448403868e+01 1.651660591219946994e+01 -3.335603642955206993e+01 1.002245170594157742e+01 -1.634485764378142036e+01 -3.366471342516548759e+01 1.001616865419887148e+01
4.039751516999813674e+01 -3.009876357530445645e+01 3.940008235728103614e+01 5.009025325208030210e+01 1.326254108179450109e+00 3.920644100917287744e+01 3.626365868393885705e+01 5.385434573793700608e+00 9.961600967943219587e+00 2.652403307038965607e+01 -2.597714492054924307e+01 1.013882949612778006e+01
4.076710032426087338e+01 2.906146956113520474e+01 3.918799532321337864e+01 1.397638354100292624e+01 4.813461237446083629e+01 3.915709405876039284e+01 5.482993878906847307e+00 3.612808156711567875e+01 9.920793773709695174e+00 3.233760165999900948e+01 1.712498356443587255e+01 9.941942469195778287e+00
-1.509804620488600690e+01 4.767003820924965396e+01 3.918936320907339876e+01 -4.148918251536222357e+01 2.798236938863288970e+01 3.936012165223495174e+01 -3.302137594863575032e+01 1.635113043906466501e+01 1.009705194693485630e+01 -6.577147175736853590e+00 3.597797137899200237e+01 9.978473675207359506e+00
-5.021102471818269208e+01 3.295530406667044887e-01 3.943847009443212670e+01 -3.997581690757756689e+01 -3.082547132067502105e+01 3.982463280760684654e+01 -2.645163441514679548e+01 -2.660214774436746765e+01 1.047525865214652718e+01 -3.677772524936267473e+01 4.533527287980785303e+00 1.010156929253705904e+01
