1.628591362618812255e+01 -1.611862061560175974e+01 8.928001441120484571e+01 -1.667811706790352844e+01 -1.623754843520373825e+01 8.921053126470590655e+01 -1.676641839645753507e+01 1.669715124372351767e+01 8.900876192404155063e+01 1.620183933308941349e+01 1.682028761756110669e+01 8.907651405087312924e+01
1.612905652112786825e+01 3.281453772585690842e+01 7.910340881275064362e+01 -1.680644970840540608e+01 3.267277801995300024e+01 7.896896112280771263e+01 -1.670313785598234801e+01 4.721706686584777657e+01 4.948976800740854287e+01 1.622560805233159797e+01 4.736605708014966609e+01 4.961339391157331846e+01
-2.613927342632455364e+01 2.581903611374340457e+01 7.904314905040685346e+01 -3.604868042279215956e+01 -5.570396704872150551e+00 7.917169683621237652e+01 -5.011372606972646082e+01 -1.230901341074736921e+00 4.974299757369612962e+01 -4.017554277208526514e+01 3.017581465852430611e+01 4.962756909178474984e+01
-3.257508489820184394e+01 -1.689082634631680335e+01 7.935240097436323481e+01 -5.748844491638342546e+00 -3.611515202841670913e+01 7.957205465011574574e+01 -1.431968551748139795e+01 -4.835606273833825952e+01 5.037647235569780690e+01 -4.113780488359437726e+01 -2.914102694538449256e+01 5.014153918016854306e+01
6.382315549180091807e+00 -3.610572792916537566e+01 7.925003439311502973e+01 3.287013216722955633e+01 -1.658317693128002190e+01 7.916628178754076828e+01 4.162772748802147049e+01 -2.858373864086258820e+01 4.996197854060851995e+01 1.516100608368375546e+01 -4.818503576656382847e+01 5.005289436459867147e+01
3.625431974929821877e+01 -5.000523627340355937e+00 7.913639821338061608e+01 2.590765265788994398e+01 2.623884243510828185e+01 7.884751509796059565e+01 3.992684726430821485e+01 3.062226947384597509e+01 4.955230466845345205e+01 5.024889904599168489e+01 -6.488010460818539604e-01 4.981304925562366037e+01
-1.624805982804682358e+01 -4.798308330493622975e+01 3.930376372461467582e+01 1.672425234209569922e+01 -4.780046859678195403e+01 3.938849758883470997e+01 1.674497326305106881e+01 -3.323023131392582030e+01 9.902273662224706285e+00 -1.625768652022653527e+01 -3.346465855568319370e+01 9.798315733597222632e+00
4.051906609459793884e+01 -3.026163682035190305e+01 3.948565892346746864e+01 5.029331642640556055e+01 1.229409949126052837e+00 3.929506913781534649e+01 3.633463054747912224e+01 5.388814081841845294e+00 9.858846877837121880e+00 2.650948549745095661e+01 -2.604702351303960839e+01 1.003141481267418200e+01
4.097657186537890084e+01 2.898540982574960623e+01 3.923469186532356190e+01 1.410840803094894191e+01 4.817638359304821449e+01 3.909204273911758776e+01 5.527066087246311099e+00 3.599772946856498379e+01 9.694850010364666204e+00 3.246465207212224158e+01 1.687248093724750930e+01 9.827854311530630937e+00
-1.489996502528537903e+01 4.781353417637217262e+01 3.904745544615452246e+01 -4.142122511953698449e+01 2.813328446873467570e+01 3.912095108176949054e+01 -3.271297523095179116e+01 1.626735432549361349e+01 9.756764189456511360e+00 -6.132542888398286429e+00 3.589083309853409531e+01 9.733900200197041386e+00
-5.021576901715118169e+01 4.874610657501932121e-01 3.918852328745312263e+01 -4.002781984899528567e+01 -3.078671113553857097e+01 3.960892211048937384e+01 -2.613077599258179262e+01 -2.655857731012492806e+01 1.019996089543629125e+01 -3.641169355177673594e+01 4.703798893059531139e+00 9.790764831673355317e+00
