1.631783110955067784e+01 -1.604554895152396554e+01 8.904880941313783183e+01 -1.652156198531402609e+01 -1.620760617267201198e+01 8.907192437751679392e+01 -1.665321911378869757e+01 1.660892789329148655e+01 8.888946890421516400e+01 1.619060379617405943e+01 1.677467767702145807e+01 8.886463273813505737e+01
1.607845751887391117e+01 3.277244859626150486e+01 7.897493369352193326e+01 -1.673797703653546876e+01 3.257988504779887506e+01 7.896272031943556158e+01 -1.674734103666432006e+01 4.717823623912487108e+01 4.965631954920463187e+01 1.605806827163370798e+01 4.737666306382727299e+01 4.965853307527391536e+01
-2.608196557871366394e+01 2.568898079955015490e+01 7.906666035544797921e+01 -3.590419856061129167e+01 -5.601690433725530660e+00 7.923285984432646956e+01 -5.008007998446958453e+01 -1.265841064198815813e+00 5.001264104527522392e+01 -4.022971463684685034e+01 3.003803616529279452e+01 4.985898812341372377e+01
-3.238149371011517985e+01 -1.694359973502055183e+01 7.936961398419234115e+01 -5.640371802840056681e+00 -3.605850603022252443e+01 7.951451970572229300e+01 -1.426622848536487353e+01 -4.833380204213556652e+01 5.050731463925918518e+01 -4.099511660332736085e+01 -2.922898990590219981e+01 5.034622227548808127e+01
6.481107223156870489e+00 -3.599311721952963694e+01 7.909177648706884156e+01 3.285298440893127037e+01 -1.650677246155652966e+01 7.896478254755631099e+01 4.158659673354748776e+01 -2.849613594157753838e+01 4.989452941711135736e+01 1.523791289631919277e+01 -4.805721913860594441e+01 5.002901152599151402e+01
3.621759622617501861e+01 -4.908951145699061769e+00 7.890196248782959287e+01 2.588618039640170920e+01 2.621266173071041194e+01 7.869198078294162713e+01 3.985771256885505665e+01 3.065541384155061877e+01 4.952598159669826572e+01 5.016245241524509879e+01 -4.940653723029644340e-01 4.970824501622843883e+01
-1.617788426491097553e+01 -4.791573273798559995e+01 3.937925655053912521e+01 1.666083674761547684e+01 -4.768772965961839816e+01 3.938805332203220644e+01 1.653181919740207562e+01 -3.332013863848283108e+01 1.002046380890124411e+01 -1.633128270476025179e+01 -3.360184232315825170e+01 9.993707893817633803e+00
4.037117543485890536e+01 -3.010637116420753401e+01 3.938955832280475988e+01 5.009090609750340661e+01 1.311683202339392951e+00 3.920313396199834699e+01 3.627621203186885168e+01 5.386574015058347875e+00 9.955132489785313510e+00 2.650969568342096139e+01 -2.596898571995849281e+01 1.012514865286113164e+01
4.081288580258060250e+01 2.905472925042040089e+01 3.918051493591705281e+01 1.403754298373494080e+01 4.815071776931212355e+01 3.914580753389250845e+01 5.536075920472637080e+00 3.614685796192877376e+01 9.910239368135622229e+00 3.237535485419039105e+01 1.712087167158539458e+01 9.935217066666238495e+00
-1.503051812474239135e+01 4.770703836406632092e+01 3.915649688823939556e+01 -4.143875095674901132e+01 2.804109897298635090e+01 3.932620660518126243e+01 -3.296695612726973934e+01 1.638782080203477420e+01 1.007255343834095029e+01 -6.505715017924618593e+00 3.599294455820972871e+01 9.955100025417621623e+00
-5.019898920521124097e+01 4.003314736770267612e-01 3.939819141753374510e+01 -3.998317828418532116e+01 -3.076202479186873973e+01 3.979625931712862297e+01 -2.642376219174279939e+01 -2.655312058542104481e+01 1.045712524464491899e+01 -3.673014222063995504e+01 4.590111131121296317e+00 1.007180459196668210e+01
 