9.908142537581118958e+00 -2.857877417448389679e+01 1.229164632701842308e+01 -2.290429467207972891e+01 -2.886769140889586538e+01 1.198395391339249016e+01 -2.316203609847288902e+01 3.920433189382504402e+00 1.168894267776027185e+01 9.654614186505529716e+00 4.213113678541976270e+00 1.199509208953256412e+01
9.212143062036140861e+00 2.028896281997385387e+01 2.135671160479588160e+00 -2.356105382794583747e+01 1.994698777574268433e+01 1.747603350009511169e+00 -2.331006373361619310e+01 3.434435142690914944e+01 -2.761299553778533422e+01 9.453404800104889816e+00 3.469205629205264074e+01 -2.723435715695708481e+01
-3.277126360769183577e+01 1.262845068233196955e+01 1.752906313842510055e+00 -4.244015085561018452e+01 -1.867314276846026289e+01 1.879694578983558850e+00 -5.621852672270584605e+01 -1.451364712823631287e+01 -2.750005161160925482e+01 -4.652140062328711423e+01 1.680170440773159157e+01 -2.761349214672381791e+01
-3.853935247192359270e+01 -3.003299966988647540e+01 2.199529218144112175e+00 -1.174766372456595676e+01 -4.899583297005181493e+01 2.649685696902944976e+00 -1.995819709221851923e+01 -6.131358934336486044e+01 -2.640763425776296103e+01 -4.673786821529117219e+01 -4.235989092594338956e+01 -2.687254077520683637e+01
4.944487494787856985e-01 -4.853204391062454448e+01 2.479589132400549456e+00 2.675510550827587153e+01 -2.896893104986150291e+01 2.486491079601008014e+00 3.572731143350740979e+01 -4.095167821651408957e+01 -2.646622779533072034e+01 9.488888283559422376e+00 -6.058997173520461388e+01 -2.646543064845515048e+01
2.981897263338635895e+01 -1.710137012248683419e+01 2.418502561554952024e+00 1.936477153518962169e+01 1.393848955989468585e+01 1.961032577334860250e+00 3.350006402145213258e+01 1.829145941692063104e+01 -2.709978076577978001e+01 4.392849491750436641e+01 -1.277777021694179815e+01 -2.667002429613159364e+01
-2.145677075015241897e+01 -6.096960327074496888e+01 -3.714079645145696418e+01 1.134185401975078200e+01 -6.059115386192149799e+01 -3.681795414787706022e+01 1.143320258188835226e+01 -4.627782905524510682e+01 -6.617360448351981006e+01 -2.139003315579898157e+01 -4.670919998263561013e+01 -6.651527667871533822e+01
3.469092495830058454e+01 -4.231781487050400870e+01 -3.662725291579304354e+01 4.425005932879563630e+01 -1.089262679571840309e+01 -3.689922914429023137e+01 3.065442000080416207e+01 -7.050701064503014592e+00 -6.624354675165878348e+01 2.104888124759323986e+01 -3.841505921022818626e+01 -6.598884446774225410e+01
3.438886351714260314e+01 1.685047423415737811e+01 -3.707472490815668209e+01 7.539380801910933627e+00 3.577423988857209025e+01 -3.751963494391066689e+01 -5.862725785610343188e-01 2.352677687198614009e+01 -6.673788406105397542e+01 2.632762973550581265e+01 4.672842504036885281e+00 -6.630255581702574830e+01
-2.164089691597255438e+01 3.458724560833918105e+01 -3.783230244618997773e+01 -4.790434053156153738e+01 1.479254677467761958e+01 -3.793435449389605196e+01 -3.893420421775785911e+01 3.014881562114714253e+00 -6.696456892004685812e+01 -1.261726680833839431e+01 2.275038552656482338e+01 -6.680982485396147297e+01
-5.609405803303831561e+01 -1.309249603284717800e+01 -3.777613092552270047e+01 -4.574266085636701717e+01 -4.416376360332395734e+01 -3.719583558249181721e+01 -3.177546226778054006e+01 -3.991718240539505302e+01 -6.630413371643943776e+01 -4.221778743308640713e+01 -8.864059705416275747e+00 -6.687359348438526752e+01
