1.629573611616821438e+01 -1.602028698526392958e+01 8.903485667172600415e+01 -1.647963126782454069e+01 -1.618261802179060993e+01 8.906533777489997306e+01 -1.661446844024056446e+01 1.656830661981234698e+01 8.889215085075488787e+01 1.616513645392738852e+01 1.673451551615803368e+01 8.885986526233138250e+01
1.605929997859845670e+01 3.266650220444447683e+01 7.895767923621747286e+01 -1.669062742559344770e+01 3.247498667103911174e+01 7.891888902818926965e+01 -1.668616175444787331e+01 4.703346245906779188e+01 4.967018411755960017e+01 1.605570530006596641e+01 4.723245077340655484e+01 4.969859670042227862e+01
-2.598834093807640500e+01 2.563894761578202264e+01 7.901928076761485897e+01 -3.579459806687037116e+01 -5.589584261127868103e+00 7.915192849965524147e+01 -4.992482588532069343e+01 -1.243492278508096849e+00 4.998756616835596134e+01 -4.009059939453547372e+01 3.000130931385487898e+01 4.986848127159859700e+01
-3.231770924560490954e+01 -1.686570732952806395e+01 7.931319738846639211e+01 -5.622415775586929065e+00 -3.594425051738252819e+01 7.942436411833695331e+01 -1.424539892947337982e+01 -4.815772753636520065e+01 5.046165630975418281e+01 -4.093196061327903124e+01 -2.908956400974621559e+01 5.033667918148596243e+01
6.459781851069212877e+00 -3.592572988189516536e+01 7.906765590793608567e+01 3.276893387929457191e+01 -1.647127658959689001e+01 7.891218190712987735e+01 4.144656104655067708e+01 -2.841933875190569481e+01 4.988575044378566048e+01 1.515928636125343232e+01 -4.795160139967190815e+01 5.004874168489688202e+01
3.613287501135272350e+01 -4.929318226736236319e+00 7.889296488143662600e+01 2.580684395260843900e+01 2.612410374092787180e+01 7.866703882616600652e+01 3.971985027679681224e+01 3.054530683347270426e+01 4.954810231137278720e+01 5.002136921827108296e+01 -5.386372986093608262e-01 4.974612771164242275e+01
-1.617223690923676926e+01 -4.780005641910536696e+01 3.941274227944208519e+01 1.660473822378162723e+01 -4.757946454916692147e+01 3.940471704192189861e+01 1.647987031146524117e+01 -3.318893353219545617e+01 1.011983223343206184e+01 -1.632545821338757719e+01 -3.346190151919534372e+01 1.010866882952906032e+01
4.029795655910780283e+01 -3.005066437847328586e+01 3.943387935711827907e+01 4.999487583831131587e+01 1.297687840169049700e+00 3.924857632675603014e+01 3.614552269394782513e+01 5.383880597439521409e+00 1.006621331625452420e+01 2.639941102242024229e+01 -2.590862750249482716e+01 1.023432838868072636e+01
4.072991311252619795e+01 2.896573086254619511e+01 3.924743163322824557e+01 1.400399210845136366e+01 4.802837988229884303e+01 3.920561318075889545e+01 5.497919533565235994e+00 3.602020701462441821e+01 1.002323311721814747e+01 3.229148875955479525e+01 1.702444157324346818e+01 1.005506419763718284e+01
-1.496424322052800093e+01 4.762751847443728082e+01 3.923140536023749547e+01 -4.132142079454990125e+01 2.800879966567758572e+01 3.936485674373024324e+01 -3.282152518102996908e+01 1.636868733020749289e+01 1.016824385418671639e+01 -6.407283366831755700e+00 3.593079943541469135e+01 1.008537702855859131e+01
-5.006910599363633452e+01 4.454759823876772162e-01 3.943288708017273336e+01 -3.988861376984797857e+01 -3.065438914977746876e+01 3.979791952374644382e+01 -2.631444192283145966e+01 -2.642645436232284695e+01 1.053752400571517356e+01 -3.658714368032063646e+01 4.659667223212712983e+00 1.018373475042532661e+01
