1.788674724964345941e+01 -1.841212251296289182e+01 1.136640034459918525e+02 -1.486806296982840969e+01 -1.825456910179620351e+01 1.137618049930975275e+02 -1.468538801661752657e+01 1.447813726872889006e+01 1.139934667182959487e+02 1.807399833403732359e+01 1.432456314093265171e+01 1.138938847949467146e+02
1.806238161237806139e+01 3.049809052845529322e+01 1.041379313983728565e+02 -1.466760731535688755e+01 3.064877277782020926e+01 1.041108873032935804e+02 -1.450726777717951244e+01 4.558491269169638826e+01 7.505722901854159090e+01 1.821566927343069864e+01 4.544227080153383014e+01 7.507353710447739559e+01
-2.405467136146538110e+01 2.383260875153472114e+01 1.039934589582806979e+02 -3.419296667589382821e+01 -7.265720380538043699e+00 1.036168194886234772e+02 -4.827207385179308829e+01 -2.303211725164747925e+00 7.453412235914778705e+01 -3.810418367227881475e+01 2.881280065649314892e+01 7.492140831463025563e+01
-3.084072373461470917e+01 -1.867142133167460472e+01 1.038279988291525910e+02 -4.354311164713730697e+00 -3.798674716305845322e+01 1.035169529448028101e+02 -1.318614912316874133e+01 -4.964788238509949991e+01 7.437950347539748464e+01 -3.966512254230939760e+01 -3.034066603534764539e+01 7.467493450928273546e+01
7.931315644598839754e+00 -3.824477473427923968e+01 1.035805138934117622e+02 3.437709086720787610e+01 -1.902215484443516047e+01 1.034575838671937902e+02 4.275595441986423140e+01 -3.070921245856370874e+01 7.424147566921772068e+01 1.633084162491178759e+01 -5.001036492825951996e+01 7.437073940200460243e+01
3.788133838883067028e+01 -7.321032064102303671e+00 1.036312917885921507e+02 2.782968137775327122e+01 2.379779908087462914e+01 1.037342737776893244e+02 4.167702413844861553e+01 2.837215069648800281e+01 7.460889060074195811e+01 5.170409462783909760e+01 -2.777461158198660574e+00 7.447825403977874714e+01
-1.479320391321493844e+01 -4.867730433806914192e+01 6.348714576523135378e+01 1.800370069058229205e+01 -4.871541007986142091e+01 6.338256701876431265e+01 1.789614773874003006e+01 -3.379962230365072173e+01 3.438400354609313325e+01 -1.492790497090692448e+01 -3.380485451367752603e+01 3.446617886975649725e+01
4.073006478707363698e+01 -3.172474200713442372e+01 6.351453618908898591e+01 5.067133300929025097e+01 -4.144906492614223170e-01 6.363646572286482694e+01 3.667500765518236250e+01 4.108261019634050548e+00 3.462321879604153452e+01 2.668204896197948628e+01 -2.714182824977228847e+01 3.448298124011925836e+01
4.222906427205979440e+01 2.677959595356153244e+01 6.431617595919790631e+01 1.567258621459289181e+01 4.610174757112309862e+01 6.456768494570421524e+01 6.963134768151398646e+00 3.445613120772745930e+01 3.532639628325136982e+01 3.358555850399488918e+01 1.520097402913718909e+01 3.506473185134451853e+01
-1.260939497032233980e+01 4.586635384315587061e+01 6.455679165704171396e+01 -3.915210654705882831e+01 2.647319138300002095e+01 6.434780577064577756e+01 -3.063816051303823329e+01 1.511094217941058915e+01 3.507161343107047458e+01 -4.036850296455507525e+00 3.444234634540338647e+01 3.532979727618517529e+01
-4.796792308581507314e+01 -5.529764825717232712e-01 6.409602261932900547e+01 -3.806928807671157244e+01 -3.176327666080590717e+01 6.395224455852506651e+01 -2.431585838180466297e+01 -2.713248484668073246e+01 3.485221058487669410e+01 -3.430574287747153761e+01 4.063562376149921995e+00 3.500847358643476070e+01
