1.631870231830535189e+01 -1.595324177207886329e+01 8.896727420650876184e+01 -1.641780216510150225e+01 -1.618228033234749574e+01 8.901444864920156874e+01 -1.661633983763175948e+01 1.653221040101941597e+01 8.881565947960024232e+01 1.612462402483904711e+01 1.676488614676657818e+01 8.876676345377131838e+01
1.597465417856562375e+01 3.270015449277975961e+01 7.889050490339224098e+01 -1.673933826874128172e+01 3.243565215220628062e+01 7.889145411687741216e+01 -1.679088187657265152e+01 4.698116981827192262e+01 4.967062062709362635e+01 1.591150465161219074e+01 4.725134121172276025e+01 4.965966945193666504e+01
-2.604075580099645393e+01 2.555101113786584222e+01 7.901797192354217714e+01 -3.576434844681967462e+01 -5.663223511482808448e+00 7.920168922187990290e+01 -4.992952564838503804e+01 -1.379939630638892023e+00 5.008156612760824089e+01 -4.017796807653473223e+01 2.984697032275092710e+01 4.991017792313062529e+01
-3.223182432152387378e+01 -1.695710511377424012e+01 7.933969593294077072e+01 -5.534873452900077595e+00 -3.595686317768637252e+01 7.946872001573065347e+01 -1.413585118907283267e+01 -4.823099247925696886e+01 5.056628095709823612e+01 -4.082005096201632455e+01 -2.924147189456262552e+01 5.042080054401401412e+01
6.545435038786669324e+00 -3.587037044688253218e+01 7.904101354858352124e+01 3.279512885357554097e+01 -1.638747742538736318e+01 7.888162341067678085e+01 4.151139786670309206e+01 -2.834524229381711891e+01 4.990592277917674835e+01 1.528535495418495493e+01 -4.790206200865087993e+01 5.007265419556842545e+01
3.612795026987688374e+01 -4.824778532162059541e+00 7.882205250569472810e+01 2.576286332061663487e+01 2.617851626109410290e+01 7.859749334863785464e+01 3.967364621422716198e+01 3.061937243310218193e+01 4.951418362058804234e+01 5.001190754710670916e+01 -4.112047013271231677e-01 4.971095271648648151e+01
-1.604333609631178703e+01 -4.788266795091281125e+01 3.947167292851898424e+01 1.668811769915098608e+01 -4.758112583908894067e+01 3.945511382394048638e+01 1.649943256409474657e+01 -3.328970000440998689e+01 1.017136271262727831e+01 -1.625537052462498977e+01 -3.364484804931722550e+01 1.016989837702098143e+01
4.036423361801868026e+01 -2.996332948747121705e+01 3.945098404568291528e+01 4.998063900675808213e+01 1.380227891205994206e+00 3.923454976594376120e+01 3.619788133821580800e+01 5.381792400546206778e+00 1.008844239820413335e+01 2.653492900633053608e+01 -2.589837234596187798e+01 1.028840549404531757e+01
4.064565727467677902e+01 2.905677010250425241e+01 3.920041824087576288e+01 1.391285943974468786e+01 4.803123248175815974e+01 3.916180619129398366e+01 5.468736672884001671e+00 3.604019909002719402e+01 1.003262894186756249e+01 3.226413703523611787e+01 1.713614253554319333e+01 1.006117700496084666e+01
-1.512136251167540024e+01 4.753923321751986464e+01 3.920635968265350613e+01 -4.140254305149627356e+01 2.787200109129474868e+01 3.939167865315717876e+01 -3.295940966047226794e+01 1.628494250664623877e+01 1.023193009524424468e+01 -6.626096261579794700e+00 3.589073779922373575e+01 1.009869245421528561e+01
-5.007736482338788875e+01 2.637142670392470523e-01 3.948727425499247801e+01 -3.982799681053175078e+01 -3.078127719498493420e+01 3.988591220633394840e+01 -2.637391534102713564e+01 -2.656743025591827490e+01 1.062631517950026350e+01 -3.671335115147410022e+01 4.457034682034919371e+00 1.023996192954050599e+01
