1.619618534571496582e+01 -1.610443918610600988e+01 8.900123932550022232e+01 -1.656737570370456680e+01 -1.608203990193869259e+01 8.902179890295600728e+01 -1.651638726439464477e+01 1.665648869150285094e+01 8.882897055758751037e+01 1.625125103959837602e+01 1.663793600782686966e+01 8.880684078823203720e+01
1.623796196484624232e+01 3.258997765190836304e+01 7.894753736960505819e+01 -1.650454040855926507e+01 3.258674758601829780e+01 7.888926971342887384e+01 -1.639755433426714148e+01 4.710826375667974020e+01 4.962804665710747543e+01 1.633771789013763254e+01 4.711913643377912564e+01 4.967488489359919157e+01
-2.585974524570006494e+01 2.579407242404133171e+01 7.897660127271265651e+01 -3.584390119931975249e+01 -5.375156196776582185e+00 7.912389789902796622e+01 -4.991515855449630124e+01 -9.657360488043832403e-01 4.994935828945929757e+01 -3.990352289794648044e+01 3.021982435489717389e+01 4.981528760856553362e+01
-3.243577021438607488e+01 -1.668710728188319337e+01 7.928811647780834448e+01 -5.851994654352374425e+00 -3.591636679475454486e+01 7.942305439529474143e+01 -1.452092245065320419e+01 -4.808427694765160965e+01 5.046692792855136389e+01 -4.109639760727587543e+01 -2.886554579643617302e+01 5.031760492529346607e+01
6.257958956250083027e+00 -3.597361546500195573e+01 7.909954965452699582e+01 3.267083766683740720e+01 -1.666944569016172650e+01 7.893030332425239237e+01 4.127168636226793552e+01 -2.867546089025053746e+01 4.990950024734364376e+01 1.487997278454819217e+01 -4.805789916294711617e+01 5.008510497639039016e+01
3.610656875803465482e+01 -5.127456909959978049e+00 7.890138571795107225e+01 2.595830225232854716e+01 2.597798751538328688e+01 7.864544278186356507e+01 3.988697770143699728e+01 3.028755465820910686e+01 4.952268515259192583e+01 5.001112157423794002e+01 -8.488043934692451886e-01 4.975018753117996795e+01
-1.643088713509265375e+01 -4.773761743887474296e+01 3.945599301167007411e+01 1.633679686424340005e+01 -4.771303112767886745e+01 3.946634370377618239e+01 1.631217572561807927e+01 -3.330035747993807149e+01 1.016175290622203597e+01 -1.648438384622715702e+01 -3.337945210041393551e+01 1.013145218222650890e+01
4.015403746276962949e+01 -3.033360464833944548e+01 3.949249479763784620e+01 5.001397988505371472e+01 9.607781164080989589e-01 3.927394806587475529e+01 3.617036219608669256e+01 5.100346632572366978e+00 1.006952946675430560e+01 2.626469651667132510e+01 -2.613793768786389293e+01 1.027117429183483743e+01
4.090560843422501591e+01 2.871538230139884007e+01 3.925152410248974633e+01 1.429687680500413016e+01 4.792116937908190266e+01 3.918042296240696487e+01 5.722865664916407802e+00 3.591544661507229819e+01 9.992557382360084617e+00 3.240102233510957319e+01 1.677752085155285755e+01 1.005355722200808799e+01
-1.468717525376629141e+01 4.771299458816091033e+01 3.921486441714595372e+01 -4.114770882518909190e+01 2.824850894048448069e+01 3.934340094491432893e+01 -3.267103469017390438e+01 1.652331168860530397e+01 1.014684534808585781e+01 -6.154474779374890403e+00 3.593200516895917218e+01 1.006854870756582621e+01
-5.005151712272921571e+01 7.135403734402000486e-01 3.941684389650652776e+01 -4.005340753114263919e+01 -3.043604426841926269e+01 3.980029006322385499e+01 -2.639974328466874454e+01 -2.628009170821803764e+01 1.053876233501231319e+01 -3.649210940059384001e+01 4.856076313392348354e+00 1.016589431219691875e+01
