1.103918714319492445e+01 -1.263007110911279263e+01 2.745572024453756512e+02 -1.275536980632962170e+01 -1.279574675619400104e+01 2.745642641173985794e+02 -1.286906334214596370e+01 1.097251261988187210e+01 2.746154404371197302e+02 1.090882369509826866e+01 1.111917282451120315e+01 2.745960375763557408e+02
1.097189471546521133e+01 2.162246021212494185e+01 2.683392388221270153e+02 -1.284166233783936306e+01 2.152932390710240185e+01 2.684075605584067716e+02 -1.289895309507318721e+01 3.217894875617661654e+01 2.472011174455488742e+02 1.093092081148478023e+01 3.230870811553669597e+01 2.471486238881569477e+02
-1.842461068648669098e+01 1.746056458175765513e+01 2.681255293067180787e+02 -2.575245753268862359e+01 -5.144962210348929865e+00 2.682768075227578493e+02 -3.590566294539515724e+01 -1.929016269016382346e+00 2.470640613445777376e+02 -2.862816424504209323e+01 2.069578948399819751e+01 2.469321075755348716e+02
-2.346380734414740132e+01 -1.143365944314195737e+01 2.681951112590738262e+02 -4.189476543421180921e+00 -2.532688935052309986e+01 2.682578599217271744e+02 -1.036745090983412787e+01 -3.402719136419244705e+01 2.470975727265702631e+02 -2.962957040732908709e+01 -2.010343057028337554e+01 2.470223466977519422e+02
2.669401184756287293e+00 -2.527424488679400483e+01 2.682367968898756772e+02 2.191906237723476991e+01 -1.117370609244375679e+01 2.683242722532788775e+02 2.832961697851559180e+01 -1.984903776653626650e+01 2.472074305212662182e+02 9.072265775665663057e+00 -3.391048328541335621e+01 2.470955167903820211e+02
2.374758200655659124e+01 -4.792579350955605832e+00 2.682974105454766800e+02 1.637877016268486585e+01 1.783578826662218120e+01 2.680623821331491854e+02 2.675425371033313482e+01 2.098083711260943218e+01 2.469963602265336817e+02 3.412452094701992422e+01 -1.670390360167660404e+00 2.472289746752486224e+02
-1.262515390670646553e+01 -3.333446739522888436e+01 2.410596821925347513e+02 1.121506204208644775e+01 -3.322739140133628410e+01 2.409974150800337327e+02 1.107754531750311244e+01 -2.267962167370058069e+01 2.197789699200917823e+02 -1.273525875589094802e+01 -2.280666102224009251e+01 2.197981748455173658e+02
2.683312232917789331e+01 -2.193545693520745132e+01 2.410429185093184969e+02 3.409374095274645100e+01 8.723108463044612071e-01 2.410951377491457208e+02 2.409519143141896436e+01 4.015219470474945318e+00 2.197721455837733799e+02 1.680940321483338806e+01 -1.873756685833969726e+01 2.197848648222388306e+02
2.807020190038304719e+01 1.904277178467831533e+01 2.409613519817545750e+02 8.680197091398397902e+00 3.302026648238803830e+01 2.408713843281801417e+02 2.656873155257400310e+00 2.441278380256067493e+01 2.196272792551254156e+02 2.207530907426475153e+01 1.049332476459922070e+01 2.197076583781720558e+02
-1.056221345891469809e+01 3.309545039649066211e+01 2.409525686464575074e+02 -2.988521333013954262e+01 1.909037346473811070e+01 2.408237429501829183e+02 -2.363239058048628749e+01 1.065408521133264230e+01 2.196331757864401197e+02 -4.370218980964757804e+00 2.465985676059031917e+01 2.197249955406257413e+02
-3.576451316492195787e+01 7.002701539632458783e-01 2.407420227062802667e+02 -2.828377292415567013e+01 -2.202321288956278167e+01 2.407295784909302370e+02 -1.827410235054798449e+01 -1.864012185784740794e+01 2.195439315326232759e+02 -2.582225929485098348e+01 4.020170986457721973e+00 2.195278260381109305e+02
