1.066035842895507812e+01 -1.172278881072998047e+01 2.726616516113281250e+02 -1.313380050659179688e+01 -1.171523380279541016e+01 2.725544738769531250e+02 -1.307466602325439453e+01 1.205255794525146484e+01 2.725879821777343750e+02 1.070264816284179688e+01 1.202618789672851562e+01 2.726825561523437500e+02
1.088272571563720703e+01 2.257700920104980469e+01 2.662877502441406250e+02 -1.293043518066406250e+01 2.265636825561523438e+01 2.662750244140625000e+02 -1.283908176422119141e+01 3.317310333251953125e+01 2.450030517578125000e+02 1.099082183837890625e+01 3.313046646118164062e+01 2.450313720703125000e+02
-1.860464096069335938e+01 1.859052467346191406e+01 2.659480895996093750e+02 -2.609014320373535156e+01 -3.962870121002197266e+00 2.660748291015625000e+02 -3.597134017944335938e+01 -7.363904714584350586e-01 2.447360076904296875e+02 -2.853624534606933594e+01 2.183686065673828125e+01 2.446279296875000000e+02
-2.382815933227539062e+01 -1.032642745971679688e+01 2.659726562500000000e+02 -4.651187419891357422e+00 -2.435155487060546875e+01 2.661679687500000000e+02 -1.066059875488281250e+01 -3.289825057983398438e+01 2.448968505859375000e+02 -2.982520675659179688e+01 -1.884252166748046875e+01 2.446896667480468750e+02
2.265721321105957031e+00 -2.435627555847167969e+01 2.661115722656250000e+02 2.161418724060058594e+01 -1.039374160766601562e+01 2.663127441406250000e+02 2.800045776367187500e+01 -1.899452972412109375e+01 2.451582183837890625e+02 8.644554138183593750e+00 -3.291803359985351562e+01 2.449331512451171875e+02
2.350505638122558594e+01 -3.958296775817871094e+00 2.663447875976562500e+02 1.630137825012207031e+01 1.872220993041992188e+01 2.660627746582031250e+02 2.665467071533203125e+01 2.173328590393066406e+01 2.449665985107421875e+02 3.385975265502929688e+01 -9.701542854309082031e-01 2.452462615966796875e+02
-1.290263748168945312e+01 -3.208396530151367188e+01 2.392404174804687500e+02 1.093787860870361328e+01 -3.214694595336914062e+01 2.393861694335937500e+02 1.106053638458251953e+01 -2.136937522888183594e+01 2.182833251953125000e+02 -1.275170516967773438e+01 -2.132622528076171875e+01 2.180943603515625000e+02
2.634382820129394531e+01 -2.111628341674804688e+01 2.393162078857421875e+02 3.378462600708007812e+01 1.633828401565551758e+00 2.393908538818359375e+02 2.369024658203125000e+01 4.915375232696533203e+00 2.181340484619140625e+02 1.622539520263671875e+01 -1.777899360656738281e+01 2.181247558593750000e+02
2.792316055297851562e+01 1.971961021423339844e+01 2.392374420166015625e+02 8.639616966247558594e+00 3.384371948242187500e+01 2.391225891113281250e+02 2.478305816650390625e+00 2.514552497863769531e+01 2.179548492431640625e+02 2.179050445556640625e+01 1.107937049865722656e+01 2.180597991943359375e+02
-1.035719013214111328e+01 3.398352050781250000e+01 2.390943756103515625e+02 -2.977784156799316406e+01 2.011395263671875000e+01 2.389043579101562500e+02 -2.336789131164550781e+01 1.142319583892822266e+01 2.178641357421875000e+02 -4.008361816406250000e+00 2.529320144653320312e+01 2.180164489746093750e+02
-3.567131042480468750e+01 1.974934935569763184e+00 2.388341827392578125e+02 -2.834797096252441406e+01 -2.080015182495117188e+01 2.388900756835937500e+02 -1.795958328247070312e+01 -1.743489074707031250e+01 2.178845977783203125e+02 -2.535018157958984375e+01 5.276979923248291016e+00 2.177987670898437500e+02
