1.154276089709135000e+01 -1.438364732298761695e+01 2.738372999979114866e+02 -1.225282796727770851e+01 -1.442508719914885162e+01 2.737158715427764264e+02 -1.226127032452756538e+01 9.329225603876011519e+00 2.738958822332694467e+02 1.148691527445180505e+01 9.370970653480142687e+00 2.740152345210610747e+02
1.154801739911108527e+01 1.990456757291803669e+01 2.674081213888088087e+02 -1.222706541256288482e+01 1.993131407725198656e+01 2.673495388981554584e+02 -1.213756905069054781e+01 3.054323280089116466e+01 2.461103938758707272e+02 1.162983518159437324e+01 3.055728573127444037e+01 2.461964396845081922e+02
-1.776604263149129537e+01 1.582115930431340622e+01 2.670340630376487638e+02 -2.518891830540362520e+01 -6.725921813136232608e+00 2.670169857175640118e+02 -3.502846458525748830e+01 -3.373174904320450196e+00 2.456747910852066070e+02 -2.766588857134602364e+01 1.917398619737834409e+01 2.457267755167350174e+02
-2.285599247135921530e+01 -1.304672817950063646e+01 2.669105594170030713e+02 -3.680111560825380490e+00 -2.700776255997836017e+01 2.670044017296446555e+02 -9.686809194563029024e+00 -3.544228663593379025e+01 2.456892261798638515e+02 -2.883606401501700844e+01 -2.145341201706390066e+01 2.455652544329417140e+02
3.119376848459026963e+00 -2.689416712083950500e+01 2.669866877654804398e+02 2.240604461076152276e+01 -1.288808558866683285e+01 2.672568672956278988e+02 2.877946947818501044e+01 -2.138674661147214451e+01 2.460135503952871545e+02 9.507970958639802461e+00 -3.534133714398647896e+01 2.457458235907749611e+02
2.422567255312220169e+01 -6.506359038458513488e+00 2.672703516703314790e+02 1.700248845080404436e+01 1.612156161046089053e+01 2.671166818307081030e+02 2.737419859361276764e+01 1.926838825569107172e+01 2.460386062971670640e+02 3.459858162618281341e+01 -3.377261224401315154e+00 2.461872817214500628e+02
-1.190876143237815832e+01 -3.457423416710253861e+01 2.396705832128437805e+02 1.197706641071401457e+01 -3.464768930556596160e+01 2.397688911508265903e+02 1.205201322117625651e+01 -2.380316096905926671e+01 2.186638586036435470e+02 -1.176923338151875953e+01 -2.372912822659965215e+01 2.185024682082157028e+02
2.723666045923063095e+01 -2.344148614891128446e+01 2.398789005183871552e+02 3.464032634946578071e+01 -6.705935324102796358e-01 2.400680967436769890e+02 2.462457355494021982e+01 2.706415821078212769e+00 2.187597614718393118e+02 1.716771804919650179e+01 -2.003031413225821211e+01 2.186086546773848340e+02
2.871322424262019268e+01 1.723170966116169822e+01 2.399810708917981401e+02 9.353366704800256670e+00 3.135974626370669327e+01 2.399007681627086868e+02 3.262394868125628733e+00 2.279071041173020262e+01 2.186076242839704662e+02 2.261242129650557686e+01 8.708569805557274890e+00 2.186740814320258153e+02
-9.629880216780932756e+00 3.140896201659717590e+01 2.399581023384824334e+02 -2.905235326672740115e+01 1.749165852281557676e+01 2.396665756195873200e+02 -2.262378467105600777e+01 8.960090110528286189e+00 2.184975353426173399e+02 -3.262684661535377728e+00 2.288195045102073166e+01 2.187574372773560185e+02
-3.472929159859157977e+01 -6.583993526864827528e-01 2.394220164470634984e+02 -2.739921064751881374e+01 -2.349085076469869549e+01 2.393309602031376926e+02 -1.708717442527006014e+01 -2.001090516604155312e+01 2.182928499412787460e+02 -2.445727706397206447e+01 2.749382652065048838e+00 2.183300409472668377e+02
