1.100207519531250000e+01 -1.208351325988769531e+01 2.735791320800781250e+02 -1.226125335693359375e+01 -1.205040740966796875e+01 2.734381103515625000e+02 -1.223781013488769531e+01 1.121785259246826172e+01 2.734422302246093750e+02 1.103987884521484375e+01 1.119697761535644531e+01 2.735897521972656250e+02
1.116616249084472656e+01 2.216083908081054688e+01 2.669310302734375000e+02 -1.213307285308837891e+01 2.224460220336914062e+01 2.668723144531250000e+02 -1.201187419891357422e+01 3.239940261840820312e+01 2.459832000732421875e+02 1.127656650543212891e+01 3.234596633911132812e+01 2.460563964843750000e+02
-1.827504158020019531e+01 1.771878242492675781e+01 2.665487060546875000e+02 -2.561316871643066406e+01 -4.297980308532714844e+00 2.667105712890625000e+02 -3.514889907836914062e+01 -1.231517791748046875e+00 2.457723083496093750e+02 -2.787809562683105469e+01 2.084172821044921875e+01 2.456421203613281250e+02
-2.313235282897949219e+01 -1.135480117797851562e+01 2.666590881347656250e+02 -4.357373714447021484e+00 -2.502972602844238281e+01 2.668869934082031250e+02 -1.018938827514648438e+01 -3.339269256591796875e+01 2.460730590820312500e+02 -2.893125534057617188e+01 -1.966053390502929688e+01 2.458220825195312500e+02
3.203926324844360352e+00 -2.495230674743652344e+01 2.668851623535156250e+02 2.210780906677246094e+01 -1.131342983245849609e+01 2.670809326171875000e+02 2.833755683898925781e+01 -1.968689727783203125e+01 2.463658447265625000e+02 9.429349899291992188e+00 -3.328442382812500000e+01 2.461649169921875000e+02
2.419745063781738281e+01 -4.212530136108398438e+00 2.670256042480468750e+02 1.716153907775878906e+01 1.796228408813476562e+01 2.667131652832031250e+02 2.728390693664550781e+01 2.086177635192871094e+01 2.460360107421875000e+02 3.428872299194335938e+01 -1.348687887191772461e+00 2.463459014892578125e+02
-1.184165287017822266e+01 -3.279097747802734375e+01 2.395776367187500000e+02 1.151527500152587891e+01 -3.290776443481445312e+01 2.397113800048828125e+02 1.169370269775390625e+01 -2.226814079284667969e+01 2.190820617675781250e+02 -1.169296646118164062e+01 -2.220742988586425781e+01 2.188495941162109375e+02
2.717283821105957031e+01 -2.133964538574218750e+01 2.397548828125000000e+02 3.451707839965820312e+01 9.293957352638244629e-01 2.397850036621093750e+02 2.452477836608886719e+01 4.200499534606933594e+00 2.189958038330078125e+02 1.715858268737792969e+01 -1.806268501281738281e+01 2.189882812500000000e+02
2.829519081115722656e+01 1.924817276000976562e+01 2.395605621337890625e+02 9.358923912048339844e+00 3.313264083862304688e+01 2.393772277832031250e+02 3.274678945541381836e+00 2.447436523437500000e+01 2.186158142089843750e+02 2.224015045166015625e+01 1.063718032836914062e+01 2.188185577392578125e+02
-1.004666996002197266e+01 3.304132843017578125e+01 2.393405151367187500e+02 -2.909687805175781250e+01 1.948435974121093750e+01 2.391994934082031250e+02 -2.274617958068847656e+01 1.083477306365966797e+01 2.186136627197265625e+02 -3.715727329254150391e+00 2.443954849243164062e+01 2.187530670166015625e+02
-3.489243698120117188e+01 8.712100386619567871e-01 2.390284576416015625e+02 -2.777654457092285156e+01 -2.147648048400878906e+01 2.390874938964843750e+02 -1.751985931396484375e+01 -1.821160316467285156e+01 2.186248779296875000e+02 -2.469075393676757812e+01 4.070163249969482422e+00 2.184455413818359375e+02
