9.393403536328211345e+00 -1.279229890174632622e+01 2.727257445858580809e+02 -1.439832700750380745e+01 -1.278698074711446786e+01 2.726131249756540456e+02 -1.434138691268665511e+01 1.097918149429156287e+01 2.726490206466216364e+02 9.432859435724411767e+00 1.095495862363050321e+01 2.727489667697234950e+02
9.612888418154932779e+00 2.150404430668843858e+01 2.663554570203712615e+02 -1.419692356536660505e+01 2.158234570831533361e+01 2.663380737813398582e+02 -1.410233898574996481e+01 3.209946881166946042e+01 2.450691210166417591e+02 9.725469329516586825e+00 3.205988828545677194e+01 2.451042919593144802e+02
-1.987240045120892873e+01 1.751562858344122020e+01 2.660132300857013661e+02 -2.735347115030420895e+01 -5.036911235717322022e+00 2.661349463127617128e+02 -3.722951644328053789e+01 -1.809498660087906829e+00 2.447966896575976534e+02 -2.979772146841126457e+01 2.076193081715280542e+01 2.446928853657450986e+02
-2.508944318942014817e+01 -1.140000230217817645e+01 2.660329218887700335e+02 -5.914174770203919351e+00 -2.542112294859533250e+01 2.662317848749594873e+02 -1.191695457244634859e+01 -3.396536585798659047e+01 2.449608216126258924e+02 -3.108132414500785856e+01 -1.991295547191811011e+01 2.447507890605378122e+02
1.002828928968943600e+00 -2.542355917289908618e+01 2.661790409234349113e+02 2.034865308370098091e+01 -1.146113020272115435e+01 2.663857771947564856e+02 2.673716137719248920e+01 -2.005906523241499428e+01 2.452333400985147023e+02 7.386334521190404345e+00 -3.398198803223156261e+01 2.450032521549443345e+02
2.223657350639976471e+01 -5.024480973875376399e+00 2.664172090377666109e+02 1.503212552383121015e+01 1.765327675511126770e+01 2.661341443342995490e+02 2.538963544025700259e+01 2.066611467796671420e+01 2.450444871122612938e+02 3.259411225007983148e+01 -2.034372660329632154e+00 2.453230095655731589e+02
-1.415796710542040771e+01 -3.314770007059357937e+01 2.392992140167613115e+02 9.680455256734177283e+00 -3.321311444398083523e+01 2.394508171430094308e+02 9.807624138794500013e+00 -2.243118577260512581e+01 2.183489442180895423e+02 -1.400263106810805525e+01 -2.238709329107221890e+01 2.181556143288161138e+02
2.507319591626954036e+01 -2.218154429990131504e+01 2.393857925773313582e+02 3.251347883566479169e+01 5.665041550853722185e-01 2.394649915494042034e+02 2.242375999922191099e+01 3.848213416486693017e+00 2.182056538383708642e+02 1.495915566495344962e+01 -1.884478253463175079e+01 2.181925055545720511e+02
2.665948982268886525e+01 1.865255794689828406e+01 2.393115773397260853e+02 7.379452096865267485e+00 3.277487655402084954e+01 2.391926386140281977e+02 1.222366991261381708e+00 2.407923079623721563e+01 2.180247590193322651e+02 2.053177521780815695e+01 1.001438139281296102e+01 2.181318859282991411e+02
-1.161651311075276816e+01 3.290692574332486942e+01 2.391588373211228600e+02 -3.103604617482092110e+01 1.903867347856489545e+01 2.389648064329180386e+02 -2.461661088455744562e+01 1.035027099599069977e+01 2.179238330919799012e+02 -5.261663454164760445e+00 2.422248286142078300e+01 2.180840094358684098e+02
-3.692498435220331032e+01 9.068142915783514724e-01 2.388935683349507144e+02 -2.959818096533608411e+01 -2.186607020030338333e+01 2.389495320656594117e+02 -1.920540772671887808e+01 -1.849660924670147111e+01 2.179460259059938210e+02 -2.659572043971636290e+01 4.211259879075608836e+00 2.178622989794650664e+02
