1.142117843263229027e+01 -1.228996337127049010e+01 2.733781172756036426e+02 -1.241369145659133899e+01 -1.228995408383531363e+01 2.732502618506440513e+02 -1.237337973173495875e+01 1.150029410237997674e+01 2.732321083637718857e+02 1.143246289527891868e+01 1.148589659710315658e+01 2.733775156637677242e+02
1.152606229241664693e+01 2.207309307385034458e+01 2.671955100340925924e+02 -1.229269234476456774e+01 2.216942924688130745e+01 2.671504040525056212e+02 -1.216830939199897799e+01 3.265189869926471289e+01 2.459105208702216601e+02 1.164929858050246914e+01 3.258406278238078357e+01 2.459750866440502648e+02
-1.801418640413057659e+01 1.797100416211634411e+01 2.668625825566429626e+02 -2.551064861238513259e+01 -4.571365273644099503e+00 2.670384415287161914e+02 -3.541110451009430449e+01 -1.389160603940452487e+00 2.457534567060138215e+02 -2.797450042938799086e+01 2.116433475847297174e+01 2.456109588364660965e+02
-2.318346904044395984e+01 -1.104776919517219014e+01 2.670000531172870524e+02 -4.032399565106054240e+00 -2.509434154135395900e+01 2.672626028219175964e+02 -1.006020136953056721e+01 -3.369278655013459201e+01 2.460516125198406314e+02 -2.919232168305666519e+01 -1.964202796789287930e+01 2.457987766171590636e+02
3.067018302896374227e+00 -2.495147810125710208e+01 2.671741197019003948e+02 2.241387398949919785e+01 -1.101149601558143587e+01 2.673818825493891040e+02 2.882499897447890191e+01 -1.967611000100943386e+01 2.462991030614098804e+02 9.476863824295149286e+00 -3.358662709284045889e+01 2.460906701158303065e+02
2.429614927993526408e+01 -4.432248407122032496e+00 2.673459054743785259e+02 1.712133063451426196e+01 1.826197175415211760e+01 2.670188222136458194e+02 2.755587988285119394e+01 2.122879135434167353e+01 2.459857081225226523e+02 3.471774599431406472e+01 -1.484689929874112746e+00 2.462959220480493912e+02
-1.215773604460849455e+01 -3.306080377128090930e+01 2.400671038754163646e+02 1.172798126596123680e+01 -3.324083426847914069e+01 2.401952565386997378e+02 1.184970401682553209e+01 -2.260062687200258580e+01 2.190347240020019512e+02 -1.200846815128571166e+01 -2.241207893816064711e+01 2.188554576314062956e+02
2.743834664921898181e+01 -2.173010709636343307e+01 2.402970830197781993e+02 3.508098891712999290e+01 1.012712450029547684e+00 2.403119201306867581e+02 2.507128215853864006e+01 4.280624968164579158e+00 2.190181865399368348e+02 1.746376899487029632e+01 -1.841771445430313037e+01 2.190189362273960683e+02
2.883607751075491166e+01 1.935033576222461349e+01 2.400758388002164452e+02 9.532567044685071878e+00 3.355971459945409663e+01 2.399041330240467005e+02 3.437957093474624415e+00 2.487336264757123416e+01 2.186986119886944380e+02 2.272680982584377674e+01 1.068705668673736220e+01 2.188560195937745902e+02
-9.979096336415326007e+00 3.353527212761134280e+01 2.398184073916723094e+02 -2.946023764760849417e+01 1.967381972586651173e+01 2.396274003132580503e+02 -2.305181305065561759e+01 1.099358401479365988e+01 2.185771453148891794e+02 -3.628380451023970998e+00 2.486741445359065139e+01 2.187229782609825861e+02
-3.533063603117221163e+01 1.076176678648966600e+00 2.395409458795344335e+02 -2.802577126415694408e+01 -2.176320668637543676e+01 2.396297582154248005e+02 -1.768445505153489705e+01 -1.846186419156295955e+01 2.186017620904102898e+02 -2.503126589899187238e+01 4.323547154180440444e+00 2.184637212071218642e+02
