1.131706853134700808e+01 -1.141639908889856514e+01 2.264214796708230040e+02 -1.076228690350845341e+01 -1.133930855375995428e+01 2.263081964361700500e+02 -1.063976891590228391e+01 1.083604199443240645e+01 2.264356574614825206e+02 1.144058362246603089e+01 1.076076588261109990e+01 2.265461839099444319e+02
1.113090466155902547e+01 2.262985718169334248e+01 2.187071819087178142e+02 -1.061889339870125859e+01 2.245937123244227607e+01 2.188521009480184318e+02 -1.112786230258284625e+01 3.185624265660637988e+01 1.991917371400120373e+02 1.100423499020723739e+01 3.236652433527984840e+01 1.988305321985152148e+02
-1.788045195039571311e+01 1.737882464444517439e+01 2.187791152957343002e+02 -2.458938298984796944e+01 -3.197091680257459601e+00 2.188898118617888144e+02 -3.403841255874404936e+01 -6.418094279695827353e-01 1.993506185558579205e+02 -2.745179736317645691e+01 2.032921189130154360e+01 1.992926738659304817e+02
-2.273781120602089700e+01 -1.302119564012926034e+01 2.188900122807423827e+02 -5.335168128481226013e+00 -2.560589703797202787e+01 2.190415572403988449e+02 -1.043717645303040165e+01 -3.283914571307706609e+01 1.996463115423571253e+02 -2.837652789399265885e+01 -2.032049702255722679e+01 1.996276123506871443e+02
4.900620122080693086e+00 -2.485070047673557880e+01 2.166457994354633172e+02 2.220328419556422972e+01 -1.237148261701794816e+01 2.172881583912791541e+02 2.798585923960405353e+01 -1.972051494560499663e+01 1.971627768301001140e+02 1.059831625140297717e+01 -3.333118217892833712e+01 1.994926015645679627e+02
2.503038347981901524e+01 -3.950187863698052304e+00 2.184141434718594041e+02 1.849749628753566455e+01 1.705787357181512220e+01 2.184925507696949580e+02 2.765133804924634120e+01 1.964471665931312927e+01 1.973136464184250940e+02 3.424562338465588596e+01 -1.464626692970269817e+00 1.971879554438384048e+02
-1.097533624017548526e+01 -3.485700841111439985e+01 1.925755841969048845e+02 1.068376988071366895e+01 -3.407187263398993338e+01 1.928381045709077171e+02 1.050342547916458713e+01 -2.380300692525349149e+01 1.750216750969162547e+02 -1.097411478128734963e+01 -2.419722336868051116e+01 1.732563781894301940e+02
2.743262868473557958e+01 -2.153616452003296189e+01 1.937493834206540839e+02 3.801773333020764056e+01 -7.777007598166284230e-02 1.920166345316671084e+02 2.319596469089231405e+01 3.289220426681125797e+00 1.718966832994094034e+02 1.767074361442330144e+01 -1.696629881491584868e+01 1.739996641583596215e+02
2.848558419212109527e+01 2.172351946261899158e+01 1.919844055394350164e+02 1.126189376383434038e+01 3.446550163278365631e+01 1.947641421822121117e+02 4.790368750710924495e+00 2.713584154466632015e+01 1.759304757844009544e+02 2.241723970871492710e+01 1.326656867773716542e+01 1.723113866985270306e+02
-1.200603798405966849e+01 3.471797193620334099e+01 1.960086844949849763e+02 -2.964416717947514002e+01 2.188552256732603141e+01 1.958126074068852347e+02 -2.346857896585424896e+01 1.359638340110289612e+01 1.768712785012968993e+02 -6.000096967632513767e+00 2.668818556353138050e+01 1.738304426603331478e+02
-3.602075005363685278e+01 -3.240826428917947810e-01 1.947241047817384185e+02 -2.919729352243621179e+01 -2.094335114907234185e+01 1.936411547139964000e+02 -1.974338041076287098e+01 -1.768370107225400645e+01 1.742962910610626182e+02 -2.673178319646037693e+01 3.101193359486565715e+00 1.755059954443251229e+02
