9.455109400280452547e+00 -1.276671772691820017e+01 2.727490277175853066e+02 -1.433904940446299214e+01 -1.275916315203282814e+01 2.726418308477969958e+02 -1.427991464982336822e+01 1.100862885057256690e+01 2.726753390755387159e+02 9.497399599421084915e+00 1.098225885393989820e+01 2.727699188444043443e+02
9.677477110948208505e+00 2.153307905704287606e+01 2.663751359308217843e+02 -1.413568408853552505e+01 2.161243882057314281e+01 2.663624079873593473e+02 -1.404433022274786680e+01 3.212917160696700591e+01 2.450904181496159140e+02 9.785573153808613256e+00 3.208653743367123923e+01 2.451187500541665543e+02
-1.980989019700911413e+01 1.754659403513199223e+01 2.660354634695545428e+02 -2.729539303217930524e+01 -5.006799484003384926e+00 2.661621919473672051e+02 -3.717658974654701609e+01 -1.780320007882357558e+00 2.448233752772384264e+02 -2.974149440901956609e+01 2.079293012255645934e+01 2.447152988048313205e+02
-2.503340931786827284e+01 -1.137035675909394428e+01 2.660600284457977978e+02 -5.856436309310788069e+00 -2.539548547860736250e+01 2.662553440806372009e+02 -1.186584795788993851e+01 -3.394217944847828505e+01 2.449842277230969785e+02 -3.103045697465045905e+01 -1.988645264942880431e+01 2.447770338071230185e+02
1.060472248831650921e+00 -2.540020479333490044e+01 2.661989552256195566e+02 2.040893683722346452e+01 -1.143767106419998036e+01 2.664001107893098492e+02 2.679520787229307288e+01 -2.003845935989171778e+01 2.452455875847695381e+02 7.439304848969631401e+00 -3.396196523621999575e+01 2.450205199373103255e+02
2.229980721274226951e+01 -5.002226235942421440e+00 2.664321465618233447e+02 1.509612962592431096e+01 1.767827932650517297e+01 2.661501551957671268e+02 2.544942088206645181e+01 2.068935652937104663e+01 2.450539760403929961e+02 3.265450370377489264e+01 -2.014083938076145053e+00 2.453336387842076078e+02
-1.410788674810085297e+01 -3.312789479626778899e+01 2.393277905280882010e+02 9.732629500250221000e+00 -3.319087622596805431e+01 2.394735377151238254e+02 9.855287108663615570e+00 -2.241330601806645362e+01 2.183706912450348909e+02 -1.395695445948047642e+01 -2.237015479234301552e+01 2.181817258040634613e+02
2.513857909185356831e+01 -2.216021287994756861e+01 2.394035833888491993e+02 3.257937733821765391e+01 5.898988169940526660e-01 2.394782251197628113e+02 2.248499637516500016e+01 3.871445816991466060e+00 2.182214191138550916e+02 1.502014527814769451e+01 -1.882292309209508829e+01 2.182121241867658625e+02
2.671791148984484821e+01 1.867568006496909661e+01 2.393248214262017939e+02 7.434368254360070871e+00 3.279978792367877816e+01 2.392099559090379159e+02 1.273056865384192937e+00 2.410159438079298866e+01 2.180422149575063315e+02 2.058525522451590462e+01 1.003544158305509271e+01 2.181471682431830459e+02
-1.156243876723625874e+01 3.293959040756389101e+01 2.391817499968181835e+02 -3.098309226010348638e+01 1.907002187762599021e+01 2.389917304970190344e+02 -2.457314101592169564e+01 1.037926627585165029e+01 2.179515100108780530e+02 -5.213610508546662636e+00 2.424927199620707796e+01 2.181038179542562432e+02
-3.687656107063217803e+01 9.310053925567808308e-01 2.389215472616308773e+02 -2.955322078048329004e+01 -2.184408278027312633e+01 2.389774432689210926e+02 -1.916483279474338630e+01 -1.847882095192745311e+01 2.179719732011908775e+02 -2.655543220146411088e+01 4.233050551591910349e+00 2.178861430810194122e+02
