1.164032100538521242e+01 -1.122009662195177349e+01 2.348418475364886717e+02 -1.005403424309139027e+01 -1.208000798170389523e+01 2.347983193900726917e+02 -1.087487590128763415e+01 9.456737325819606355e+00 2.350127037097225866e+02 1.084504260480422033e+01 1.026714585577036409e+01 2.350661609836263608e+02
1.019995112569181117e+01 2.220979319710363953e+01 2.277466352949993222e+02 -1.137602460707349827e+01 2.118231426856705113e+01 2.276772423247649897e+02 -1.176157036324137195e+01 3.103762776942396329e+01 2.085608094237450700e+02 9.811461191750256106e+00 3.205083715898599905e+01 2.086443634610377842e+02
-1.841312738114736547e+01 1.566783688650318318e+01 2.276168153854140428e+02 -2.405521198653818971e+01 -5.228122553768852043e+00 2.275938374335023013e+02 -3.345561912886329736e+01 -2.684792106643890452e+00 2.083872772942150107e+02 -2.780215309182638350e+01 1.822253341349528100e+01 2.083988547922149053e+02
-2.144827394037787016e+01 -1.378785927326075544e+01 2.273189627134585464e+02 -3.250380773569027770e+00 -2.568727231792154342e+01 2.272206640309668160e+02 -8.545545780418798643e+00 -3.365560570428492326e+01 2.079365948828755961e+02 -2.673180005663004621e+01 -2.177385307329555175e+01 2.080573733095607452e+02
6.088920698507301665e+00 -2.534956600005496341e+01 2.273131612006497164e+02 2.284169002469085541e+01 -1.175312343044492458e+01 2.274311114192273351e+02 2.895126692079576713e+01 -1.912763137770883048e+01 2.081559117116091500e+02 1.220124316957061339e+01 -3.271436152125303920e+01 2.080574676844215958e+02
2.550151794286286133e+01 -3.352728084774255546e+00 2.274392878327697645e+02 1.787188661015169444e+01 1.688342089556229553e+01 2.276317613650954570e+02 2.695998878568651236e+01 2.046550070465083238e+01 2.084532570318409626e+02 3.457972526116517287e+01 2.498532064944908870e-01 2.082674815922190703e+02
-9.128729841063266903e+00 -3.353709629546616355e+01 1.998301691207675219e+02 1.270680948821897971e+01 -3.233769964650492312e+01 1.997046123860085061e+02 1.214113694001830268e+01 -2.266096262631011271e+01 1.806381087139428985e+02 -9.633383120129224153e+00 -2.392954385271700701e+01 1.807346784279047824e+02
2.872272870767975661e+01 -1.973258888159140767e+01 2.000752801563005789e+02 3.441846220465284745e+01 1.255616443416903927e+00 2.002983236504600200e+02 2.522688654841423173e+01 4.003012580301628986e+00 1.811753492611381660e+02 1.953073630134097627e+01 -1.692698789615712229e+01 1.809264412534826931e+02
2.740870338087605163e+01 2.045966435630183256e+01 2.004304801375809291e+02 9.133598317954362500e+00 3.234081672019274833e+01 2.006151171674080160e+02 3.798830500965216572e+00 2.456233688464068265e+01 1.814223001066822576e+02 2.202073674972073647e+01 1.266810849078351531e+01 1.811837569106997705e+02
-1.116239253591662184e+01 3.156125142204637868e+01 2.008477720464890126e+02 -2.816709899151248919e+01 1.779165608631459250e+01 2.006634999302490598e+02 -2.220435646355270620e+01 1.058392789532217293e+01 1.814158788820429038e+02 -5.226719868103522515e+00 2.431147375967888635e+01 1.815547655543876147e+02
-3.376998567175093058e+01 -1.781242569019729327e+00 2.004468315957124673e+02 -2.606273085475026363e+01 -2.216305393395626666e+01 2.003171737909563035e+02 -1.718104531909778743e+01 -1.868460255315284257e+01 1.811338822505138353e+02 -2.481683931000181076e+01 1.646854444466919531e+00 1.812261330245733575e+02
