1.059184673814695010e+01 -1.234258302939205620e+01 2.738413522341900261e+02 -1.266943165848517339e+01 -1.236747811777198258e+01 2.736434422176403132e+02 -1.269168909659195954e+01 1.091049145611016868e+01 2.736814840495512726e+02 1.058060369489676056e+01 1.094001850690115063e+01 2.738693345125104202e+02
1.065372152513698012e+01 2.184637132507365465e+01 2.669914894280368571e+02 -1.264184183162977781e+01 2.190099368536021984e+01 2.668816721290127703e+02 -1.249048841825523404e+01 3.209194128634971577e+01 2.459801817903354220e+02 1.079128227815463958e+01 3.206663772727615225e+01 2.461082734524864009e+02
-1.865468083627085250e+01 1.734285147677842076e+01 2.665529876234336939e+02 -2.595365597929189505e+01 -4.677912936775299180e+00 2.666741985847143610e+02 -3.548414149516399618e+01 -1.590170333121957436e+00 2.456921044178751572e+02 -2.824034151249198743e+01 2.050725599716183467e+01 2.456069965086024354e+02
-2.340801952707309752e+01 -1.164835713777403114e+01 2.666906551712920077e+02 -4.606238955095128595e+00 -2.528650372098995192e+01 2.669009941092422196e+02 -1.041736264663635225e+01 -3.364526653333043527e+01 2.460177369044556599e+02 -2.919078510384919412e+01 -1.991531223859434618e+01 2.457653407233883343e+02
2.792894413942506926e+00 -2.509652220010623225e+01 2.669389532005273509e+02 2.170009025752001008e+01 -1.144537464973850582e+01 2.671708052328773988e+02 2.799402230372523093e+01 -1.983848325459713280e+01 2.463939138651621192e+02 9.072757004209659470e+00 -3.343911625599704251e+01 2.461570211474793268e+02
2.364094865475679086e+01 -4.418787743040025084e+00 2.670744200286388264e+02 1.659147753202931597e+01 1.775745505371433097e+01 2.667556114895814403e+02 2.679454939689425430e+01 2.067685403344995621e+01 2.460779395071139959e+02 3.379687857518162275e+01 -1.559482129866800904e+00 2.463834005394051019e+02
-1.208744237149926626e+01 -3.297241701584433571e+01 2.395262765137740644e+02 1.127958427644571948e+01 -3.308882351353343410e+01 2.396923128082650862e+02 1.144999119986983160e+01 -2.244988685388464233e+01 2.190421586081929206e+02 -1.192170262169534567e+01 -2.236434867266562421e+01 2.187773031488970048e+02
2.677811042497296867e+01 -2.149792101278070788e+01 2.397078477369440179e+02 3.408725685667934613e+01 7.810689133094005365e-01 2.397446318354461710e+02 2.406193767677540052e+01 4.022185812918511516e+00 2.188803991467199239e+02 1.670686881774142662e+01 -1.825208617956860380e+01 2.188800704586674613e+02
2.783900174375293091e+01 1.903426444547640983e+01 2.395814243764876892e+02 8.887472211969990710e+00 3.288681106610250993e+01 2.393693206397542781e+02 2.831315768163590985e+00 2.422661314496064833e+01 2.185649705244174754e+02 2.179186590812440727e+01 1.039762158138849379e+01 2.187874519126165467e+02
-1.046215181483219325e+01 3.270804569600799283e+01 2.393096755313510471e+02 -2.951061747454599882e+01 1.915191252288798651e+01 2.391341775386745496e+02 -2.311258846176245640e+01 1.052882097056364863e+01 2.185339269268681619e+02 -4.104147970980411841e+00 2.413356440581103612e+01 2.187153776349609302e+02
-3.516633840124001864e+01 5.333769485235617669e-01 2.389491239070512734e+02 -2.801176923398079310e+01 -2.180466308873945280e+01 2.390185875248559171e+02 -1.773471819341302691e+01 -1.852472290679838807e+01 2.185446559426198405e+02 -2.494064454738238368e+01 3.769680616071237722e+00 2.183673118335455854e+02
