8.713664888076658954e+00 -1.199029899375744002e+01 2.353661336328522111e+02 -1.344330974253815469e+01 -1.094435990165407624e+01 2.355619074921439733e+02 -1.258792591240341707e+01 1.061941885528073115e+01 2.356895148701277094e+02 9.206447211764052341e+00 1.003283858525626648e+01 2.354962196534212922e+02
9.909054881158759542e+00 2.248714568775136158e+01 2.285705109335147824e+02 -1.207054143076889829e+01 2.299067324429782744e+01 2.286288299084905304e+02 -1.184428887680759956e+01 3.262152415661768856e+01 2.088551270155993507e+02 1.000487834612210669e+01 3.198079216506879519e+01 2.087872061632382099e+02
-2.026773966203709421e+01 1.798139902661999656e+01 2.291233622434312736e+02 -2.790578935129881799e+01 -2.485359105682443559e+00 2.290502068724631215e+02 -3.663169210562063682e+01 9.681808410475953863e-01 2.091560313910914601e+02 -2.895194688937046834e+01 2.128386879372985163e+01 2.092672275179319001e+02
1.285896178305240500e+00 -2.471857331590961593e+01 2.284408370596907503e+02 2.001736049656223315e+01 -1.289561280220146422e+01 2.283694668538247186e+02 2.514110129966059048e+01 -2.092378779032041081e+01 2.084999890071703419e+02 6.642603033612775931e+00 -3.265197944530925867e+01 2.085929747282223445e+02
-2.469452294548003479e+01 -1.244779478223266267e+01 2.289110704357251791e+02 -7.666100097769923849e+00 -2.610270076199557465e+01 2.288312234068194755e+02 -1.343453413068910152e+01 -3.327963206120205797e+01 2.089101593328817614e+02 -3.065813483344645718e+01 -1.957734806848176845e+01 2.090081260281516506e+02
2.315270150710055219e+01 -4.103004003464661764e+00 2.281128427324989332e+02 1.710959806619400680e+01 1.715718545052101263e+01 2.279531806038048956e+02 2.638429447994110788e+01 1.975801126003537078e+01 2.081818438417444099e+02 3.246159053539095396e+01 -1.266259121845957347e+00 2.083358436461433030e+02
-1.426928862342697180e+01 -3.453995283182149478e+01 2.030189156859287323e+02 7.969516372664368298e+00 -3.555152992041513471e+01 2.030155523543520246e+02 7.758890945905866587e+00 -2.527700384702250602e+01 1.837063779025306758e+02 -1.362042753370671200e+01 -2.403634048353073993e+01 1.837231545406600048e+02
2.913187917398283844e+01 -2.268809737062633758e+01 2.034684129018779402e+02 3.675318327022167608e+01 -2.578797127816511381e+00 2.035060623327927942e+02 2.689340042400856134e+01 1.923752738753658376e+00 1.841808643520734847e+02 1.969061842872740442e+01 -1.887649527348392553e+01 1.841273771236741084e+02
2.913885230547539251e+01 2.343000165693198511e+01 2.037736829510661209e+02 1.178051564603387824e+01 3.688473037783742825e+01 2.038878060547522182e+02 4.252152470753152613e+00 2.860453888603158035e+01 1.844965979477428846e+02 2.281563873905303197e+01 1.605617306856453297e+01 1.843833298803723437e+02
-1.321736428460143564e+01 3.648272910238794253e+01 2.032368748949763244e+02 -3.166603305502829002e+01 2.469437012078482141e+01 2.029744903054678673e+02 -2.572225461681328085e+01 1.588314521837259718e+01 1.836765665259701450e+02 -7.056506721215552780e+00 2.746239923234841029e+01 1.839280867064095162e+02
-3.870703990475524137e+01 1.914851263798823977e+00 2.030555350080466610e+02 -3.394196441218100091e+01 -1.938423882211880311e+01 2.030256021120774221e+02 -2.350432388449265275e+01 -1.697613128389269832e+01 1.837870960427405009e+02 -2.850643302248169775e+01 4.360887581902040289e+00 1.838136774072897026e+02
