1.094051902310852675e+01 -1.340007511389547190e+01 4.626522650212558574e+02 -1.284366005423447277e+01 -1.379001324502840120e+01 4.625971600825637324e+02 -1.319854856141485300e+01 9.953513669965650124e+00 4.625678972005466107e+02 1.053807932337012510e+01 1.034279654519315095e+01 4.626209371648931779e+02
1.042333295893666012e+01 2.073902513626471489e+01 4.560797029530282316e+02 -1.334050813566135574e+01 2.041671014037164866e+01 4.560501934003335691e+02 -1.343285926768540151e+01 3.102810264106049942e+01 4.348264264372555203e+02 1.032255448828064637e+01 3.139117131376569247e+01 4.348834440498483787e+02
-1.875051360757823460e+01 1.628394691207722289e+01 4.557666441880030561e+02 -2.583654289560285733e+01 -6.359318751711337647e+00 4.560067846496202151e+02 -3.598733574858483308e+01 -3.312247511600229011e+00 4.347820678387535622e+02 -2.896121237925982683e+01 1.933039407586198166e+01 4.345776284441380426e+02
-2.343095620149182778e+01 -1.256441628913426989e+01 4.559618357329034097e+02 -4.059081917293688946e+00 -2.623386644086261299e+01 4.560795874785079036e+02 -1.016295909221799043e+01 -3.510598690801123212e+01 4.349888947123425851e+02 -2.950896784525915351e+01 -2.140879466215734794e+01 4.348402510378489296e+02
2.623523774823675492e+00 -2.602169744818889896e+01 4.560231952391058599e+02 2.169793387334611978e+01 -1.174163720072516170e+01 4.561488618105430533e+02 2.829410190326720453e+01 -2.049468118019314744e+01 4.350933142282692643e+02 9.233988610475849512e+00 -3.472306938795028231e+01 4.349693836309727999e+02
2.341734390907902963e+01 -5.424277461826558344e+00 4.561420475958894372e+02 1.587167382657484183e+01 1.708580045511157053e+01 4.557937425037223420e+02 2.635232539438089816e+01 2.025358662568967816e+01 4.347887681153926565e+02 3.389952664404729177e+01 -2.274270330599223566e+00 4.351320816101423361e+02
-1.236184825950125621e+01 -3.444608168418032790e+01 4.289419775153932051e+02 1.151341796155447561e+01 -3.416885016547912102e+01 4.288901163615350356e+02 1.130077866763911310e+01 -2.377790046916534550e+01 4.075745451682287808e+02 -1.251133254891907498e+01 -2.405514404693404629e+01 4.075632777231211321e+02
2.689117221899573451e+01 -2.259358923365711647e+01 4.290283637899210589e+02 3.395805125643887834e+01 2.752117640301493529e-01 4.289842226263842804e+02 2.407786182231272321e+01 3.230670186049056980e+00 4.075662469927998472e+02 1.695676709582564001e+01 -1.960498454532466539e+01 4.076478775999258346e+02
2.770648289550561216e+01 1.831425779424343858e+01 4.288156507865086837e+02 8.149575692371811897e+00 3.215178358173718465e+01 4.286350832372810373e+02 2.289447294162705759e+00 2.348789192622088962e+01 4.073315201012771354e+02 2.183639067802698008e+01 9.695648988403597457e+00 4.074981865187721723e+02
-1.109371800561715027e+01 3.193268339047999760e+01 4.286766406219697956e+02 -3.030236683236390505e+01 1.773498779101200640e+01 4.285294106267116376e+02 -2.391972042792475150e+01 9.316057971240576663e+00 4.073172250426696905e+02 -4.772006220385118347e+00 2.351786928311583225e+01 4.074335861562673244e+02
-3.584741256758480432e+01 -7.522184080817514440e-01 4.284573512864681106e+02 -2.818172427892502441e+01 -2.346428285426976146e+01 4.285531126760745337e+02 -1.824273512960140664e+01 -2.011348055385278144e+01 4.073317233636142873e+02 -2.594831785683372871e+01 2.525998655753065147e+00 4.071837699035344258e+02
