1.280080127716064453e+01 -1.126534557342529297e+01 2.735389099121093750e+02 -1.063589763641357422e+01 -1.471896266937255859e+01 2.734343872070312500e+02 -1.405196857452392578e+01 8.675906181335449219e+00 2.735342407226562500e+02 9.346959114074707031e+00 1.211326694488525391e+01 2.736567382812500000e+02
7.679702281951904297e+00 2.249783897399902344e+01 2.674299621582031250e+02 -1.576934337615966797e+01 1.907172393798828125e+01 2.672967529296875000e+02 -1.715198707580566406e+01 2.949841690063476562e+01 2.461523742675781250e+02 6.295981884002685547e+00 3.294116210937500000e+01 2.462822265625000000e+02
-2.074479293823242188e+01 1.395028209686279297e+01 2.672347412109375000e+02 -2.481268501281738281e+01 -9.310800552368164062e+00 2.672185363769531250e+02 -3.493470764160156250e+01 -7.493845462799072266e+00 2.459470214843750000e+02 -3.092170524597167969e+01 1.577749156951904297e+01 2.459576568603515625e+02
-2.121950721740722656e+01 -1.545022296905517578e+01 2.672349243164062500e+02 -3.598365187644958496e-01 -2.649176597595214844e+01 2.673654785156250000e+02 -5.064708709716796875e+00 -3.566330718994140625e+01 2.461327056884765625e+02 -2.591341018676757812e+01 -2.459914970397949219e+01 2.459823150634765625e+02
6.615583896636962891e+00 -2.487990188598632812e+01 2.672730407714843750e+02 2.363611602783203125e+01 -8.353139877319335938e+00 2.674953613281250000e+02 3.117932128906250000e+01 -1.587307834625244141e+01 2.464314117431640625e+02 1.414812946319580078e+01 -3.237618255615234375e+01 2.461988067626953125e+02
2.420780563354492188e+01 -1.552094817161560059e+00 2.674065856933593750e+02 1.381656551361083984e+01 1.975544357299804688e+01 2.671384582519531250e+02 2.367418861389160156e+01 2.428557777404785156e+01 2.461431274414062500e+02 3.405596160888671875e+01 2.969466209411621094e+00 2.464085235595703125e+02
-7.108731746673583984e+00 -3.473053359985351562e+01 2.399911651611328125e+02 1.646203231811523438e+01 -3.134512901306152344e+01 2.401956634521484375e+02 1.504301643371582031e+01 -2.076321220397949219e+01 2.190917663574218750e+02 -8.515455245971679688e+00 -2.416312408447265625e+01 2.189287261962890625e+02
2.979829025268554688e+01 -1.783574104309082031e+01 2.403768920898437500e+02 3.394585418701171875e+01 5.724853038787841797e+00 2.404821777343750000e+02 2.360529708862304688e+01 7.529317855834960938e+00 2.192201538085937500e+02 1.951717758178710938e+01 -1.596165084838867188e+01 2.191583404541015625e+02
2.499068450927734375e+01 2.238522529602050781e+01 2.403851776123046875e+02 3.902268409729003906e+00 3.347338867187500000e+01 2.402262725830078125e+02 -8.160423040390014648e-01 2.407570075988769531e+01 2.190263366699218750e+02 2.027622413635253906e+01 1.306413078308105469e+01 2.191841430664062500e+02
-1.484926319122314453e+01 3.029785919189453125e+01 2.400318756103515625e+02 -3.195234107971191406e+01 1.379415893554687500e+01 2.397576751708984375e+02 -2.430338287353515625e+01 6.234020233154296875e+00 2.187132263183593750e+02 -7.297159194946289062e+00 2.282594490051269531e+01 2.189927825927734375e+02
-3.456890869140625000e+01 -4.828376770019531250e+00 2.397244873046875000e+02 -2.406953811645507812e+01 -2.632162284851074219e+01 2.397436676025390625e+02 -1.435841655731201172e+01 -2.148813247680664062e+01 2.187237701416015625e+02 -2.492381477355957031e+01 -1.111257001757621765e-01 2.187241210937500000e+02
