1.067494773864746094e+01 -1.154997444152832031e+01 2.731801452636718750e+02 -1.311921119689941406e+01 -1.154241943359375000e+01 2.730729675292968750e+02 -1.306007671356201172e+01 1.222537231445312500e+01 2.731064758300781250e+02 1.071723747253417969e+01 1.219900226593017578e+01 2.732010498046875000e+02
1.089731502532958984e+01 2.274982261657714844e+01 2.668062438964843750e+02 -1.291584587097167969e+01 2.282918167114257812e+01 2.667935180664062500e+02 -1.282449245452880859e+01 3.334591674804687500e+01 2.455215454101562500e+02 1.100541114807128906e+01 3.330327987670898438e+01 2.455498657226562500e+02
-1.859005165100097656e+01 1.876333808898925781e+01 2.664665832519531250e+02 -2.607555389404296875e+01 -3.790056467056274414e+00 2.665933227539062500e+02 -3.595675277709960938e+01 -5.635767579078674316e-01 2.452545013427734375e+02 -2.852165603637695312e+01 2.200967407226562500e+01 2.451464233398437500e+02
-2.381357002258300781e+01 -1.015361309051513672e+01 2.664911499023437500e+02 -4.636597633361816406e+00 -2.417874145507812500e+01 2.666864624023437500e+02 -1.064600944519042969e+01 -3.272543716430664062e+01 2.454153442382812500e+02 -2.981061744689941406e+01 -1.866970825195312500e+01 2.452081604003906250e+02
2.280310630798339844e+00 -2.418346214294433594e+01 2.666300659179687500e+02 2.162877655029296875e+01 -1.022092723846435547e+01 2.668312377929687500e+02 2.801504707336425781e+01 -1.882171630859375000e+01 2.456767120361328125e+02 8.659143447875976562e+00 -3.274522018432617188e+01 2.454516448974609375e+02
2.351964569091796875e+01 -3.785483121871948242e+00 2.668632812500000000e+02 1.631596755981445312e+01 1.889502334594726562e+01 2.665812683105468750e+02 2.666926002502441406e+01 2.190609931945800781e+01 2.454850921630859375e+02 3.387434005737304688e+01 -7.973405718803405762e-01 2.457647552490234375e+02
-1.288804817199707031e+01 -3.191115188598632812e+01 2.397589111328125000e+02 1.095246791839599609e+01 -3.197413253784179688e+01 2.399046630859375000e+02 1.107512569427490234e+01 -2.119656181335449219e+01 2.188018188476562500e+02 -1.273711585998535156e+01 -2.115341186523437500e+01 2.186128540039062500e+02
2.635841751098632812e+01 -2.094347000122070312e+01 2.398347015380859375e+02 3.379921340942382812e+01 1.806642174720764160e+00 2.399093475341796875e+02 2.370483589172363281e+01 5.088189125061035156e+00 2.186525421142578125e+02 1.623998451232910156e+01 -1.760618019104003906e+01 2.186432495117187500e+02
2.793774986267089844e+01 1.989242362976074219e+01 2.397559356689453125e+02 8.654206275939941406e+00 3.401653289794921875e+01 2.396410827636718750e+02 2.492895364761352539e+00 2.531833839416503906e+01 2.184733428955078125e+02 2.180509376525878906e+01 1.125218486785888672e+01 2.185782928466796875e+02
-1.034260082244873047e+01 3.415633392333984375e+01 2.396128692626953125e+02 -2.976325225830078125e+01 2.028676605224609375e+01 2.394228515625000000e+02 -2.335330200195312500e+01 1.159601020812988281e+01 2.183826293945312500e+02 -3.993772268295288086e+00 2.546601486206054688e+01 2.185349426269531250e+02
-3.565672302246093750e+01 2.147748708724975586e+00 2.393526763916015625e+02 -2.833338165283203125e+01 -2.062733840942382812e+01 2.394085693359375000e+02 -1.794499397277832031e+01 -1.726207733154296875e+01 2.184030914306640625e+02 -2.533559226989746094e+01 5.449793815612792969e+00 2.183172607421875000e+02
