1.162528163958460858e+01 -1.074592217315494835e+01 2.354273980093031753e+02 -1.005854813806155867e+01 -1.177427570657128619e+01 2.353598119255793506e+02 -1.104564178962538001e+01 9.755520364629585828e+00 2.355446963292812086e+02 1.066191763828999761e+01 1.073205026693733188e+01 2.356208266312435740e+02
9.960883438684444258e+00 2.263950008172945161e+01 2.282556566404351202e+02 -1.162483247760020966e+01 2.144480330036908811e+01 2.281786933629229281e+02 -1.207523962765701064e+01 3.128825217264322589e+01 2.090458691403570128e+02 9.497880623003952749e+00 3.246462341099492477e+01 2.091377339692156738e+02
-1.860616706716489688e+01 1.590400440928919679e+01 2.281261044335228689e+02 -2.408898106557085583e+01 -5.044587232091632067e+00 2.281368598767887477e+02 -3.351972598894764133e+01 -2.583432617358507599e+00 2.089288280605745740e+02 -2.802898498393817306e+01 1.835146702238394312e+01 2.088935764406281237e+02
-2.145035788138261523e+01 -1.355753522929123811e+01 2.278985619134493845e+02 -3.152046334584064358e+00 -2.533506686200038871e+01 2.278292081844378174e+02 -8.393432966187143407e+00 -3.338067793510309400e+01 2.085453027575550493e+02 -2.668332700429974480e+01 -2.162479791987491140e+01 2.086207084851796481e+02
6.135706703949412422e+00 -2.493569046171746706e+01 2.278553141043434493e+02 2.281867744929630959e+01 -1.118854161093035948e+01 2.279739552394359237e+02 2.899591156240532541e+01 -1.857720113165581566e+01 2.087086497281079573e+02 1.232408620989419568e+01 -3.230857593626392799e+01 2.086151989561034270e+02
2.541654112465560900e+01 -2.841624729886486733e+00 2.279669648679710292e+02 1.762224852344662551e+01 1.737531959374754820e+01 2.281205395688853912e+02 2.671069022565257356e+01 2.100252088380130644e+01 2.089452483809913872e+02 3.450056431600220463e+01 8.165316518659521128e-01 2.087938974281940716e+02
-9.019471925088385689e+00 -3.323498256623766167e+01 2.003764748297707001e+02 1.288953489320892842e+01 -3.190851029389400750e+01 2.002862360539231759e+02 1.222718450480461350e+01 -2.235323725521758575e+01 1.811581738340792640e+02 -9.577640447758687614e+00 -2.370167184333632449e+01 1.812114835838243039e+02
2.870074816068433066e+01 -1.921774986440959410e+01 2.006078408936050721e+02 3.431281508818923953e+01 1.868500626387825658e+00 2.008525863626407215e+02 2.514970720488710043e+01 4.473062900283729881e+00 1.816481815165296325e+02 1.953793341232479364e+01 -1.651956921356153174e+01 1.814130449368049938e+02
2.715856920863405932e+01 2.094577236449361379e+01 2.009555363840745770e+02 8.769361427997401037e+00 3.273003746643234990e+01 2.011049952373375049e+02 3.554128942368129263e+00 2.490223200323370634e+01 1.818677527039619122e+02 2.185752360629201618e+01 1.308395350146265912e+01 1.816459293593904363e+02
-1.142603301350946587e+01 3.177845261205941085e+01 2.013458321015015429e+02 -2.839015010321197252e+01 1.788383833636370213e+01 2.011545513053660272e+02 -2.235281475333462708e+01 1.071630367502389625e+01 1.818708577948682432e+02 -5.432856556554305882e+00 2.458326606822896920e+01 1.819942425212072976e+02
-3.381226177759159413e+01 -1.696438165406772836e+00 2.009306146174041316e+02 -2.593805770926507037e+01 -2.207188474223055863e+01 2.008229315373773147e+02 -1.713151428427486422e+01 -1.856683858559200928e+01 1.815768725748209249e+02 -2.490767878003785185e+01 1.731036803721319517e+00 1.816501900795338713e+02
