1.131753253936767578e+01 -1.226518726348876953e+01 2.735651550292968750e+02 -1.245295238494873047e+01 -1.228315734863281250e+01 2.734300842285156250e+02 -1.244037723541259766e+01 1.143506717681884766e+01 2.734124145507812500e+02 1.130412197113037109e+01 1.144557857513427734e+01 2.735762939453125000e+02
1.143325424194335938e+01 2.201965904235839844e+01 2.672857055664062500e+02 -1.235180473327636719e+01 2.207760047912597656e+01 2.672174377441406250e+02 -1.223370552062988281e+01 3.248973083496093750e+01 2.459216308593750000e+02 1.155906200408935547e+01 3.246429443359375000e+01 2.460114746093750000e+02
-1.809051895141601562e+01 1.790670204162597656e+01 2.669420776367187500e+02 -2.553737068176269531e+01 -4.616989135742187500e+00 2.670996704101562500e+02 -3.536607360839843750e+01 -1.478851914405822754e+00 2.457639312744140625e+02 -2.798325920104980469e+01 2.106705284118652344e+01 2.456402282714843750e+02
-2.320848846435546875e+01 -1.109277915954589844e+01 2.670361938476562500e+02 -4.049052238464355469e+00 -2.506350708007812500e+01 2.672735900878906250e+02 -1.001086330413818359e+01 -3.362508392333984375e+01 2.460259094238281250e+02 -2.915328407287597656e+01 -1.963765144348144531e+01 2.457928924560546875e+02
2.990800142288208008e+00 -2.498175048828125000e+01 2.672356567382812500e+02 2.228099632263183594e+01 -1.103076648712158203e+01 2.674197387695312500e+02 2.867680740356445312e+01 -1.963159179687500000e+01 2.463142242431640625e+02 9.377994537353515625e+00 -3.356026840209960938e+01 2.461235046386718750e+02
2.419871330261230469e+01 -4.478697299957275391e+00 2.674320373535156250e+02 1.699957656860351562e+01 1.816021156311035156e+01 2.670816955566406250e+02 2.737242889404296875e+01 2.112329101562500000e+01 2.460133056640625000e+02 3.457331848144531250e+01 -1.546901822090148926e+00 2.463486480712890625e+02
-1.225518703460693359e+01 -3.285821151733398438e+01 2.400245361328125000e+02 1.162260913848876953e+01 -3.302190017700195312e+01 2.401634521484375000e+02 1.177332973480224609e+01 -2.234771919250488281e+01 2.190047760009765625e+02 -1.210344791412353516e+01 -2.219317436218261719e+01 2.188152465820312500e+02
2.716338539123535156e+01 -2.174534988403320312e+01 2.403034210205078125e+02 3.473093032836914062e+01 1.035073399543762207e+00 2.403029479980468750e+02 2.474452590942382812e+01 4.295418262481689453e+00 2.190180358886718750e+02 1.718215751647949219e+01 -1.843255043029785156e+01 2.190129699707031250e+02
2.862710189819335938e+01 1.911021995544433594e+01 2.400754852294921875e+02 9.297248840332031250e+00 3.327778625488281250e+01 2.398955688476562500e+02 3.204757213592529297e+00 2.459609413146972656e+01 2.186821899414062500e+02 2.253976631164550781e+01 1.044263839721679688e+01 2.188488311767578125e+02
-9.941243171691894531e+00 3.333426666259765625e+01 2.398149261474609375e+02 -2.938047790527343750e+01 1.944663810729980469e+01 2.396058349609375000e+02 -2.294250106811523438e+01 1.075307655334472656e+01 2.185503540039062500e+02 -3.550677537918090820e+00 2.465427398681640625e+01 2.187112274169921875e+02
-3.512371063232421875e+01 1.096233010292053223e+00 2.395312957763671875e+02 -2.776375389099121094e+01 -2.172111511230468750e+01 2.396174774169921875e+02 -1.739593505859375000e+01 -1.841195678710937500e+01 2.185794219970703125e+02 -2.480639076232910156e+01 4.354583263397216797e+00 2.184471588134765625e+02
