1.439180180874898696e+01 -1.183761645406489471e+01 2.735172956549445189e+02 -9.412153993385206974e+00 -1.188163097124057010e+01 2.738193122143691767e+02 -9.417330791408653923e+00 1.186282577192306675e+01 2.737690119496934926e+02 1.434323535183773934e+01 1.191373191422087352e+01 2.734714067325359679e+02
1.428460173857392945e+01 2.238655888666375304e+01 2.669232241822028300e+02 -9.517810912261360556e+00 2.241869467745669198e+01 2.672780185485944457e+02 -9.767135073869365414e+00 3.283436717454746656e+01 2.459471731431023898e+02 1.403041540181062885e+01 3.284438624256603845e+01 2.456159716924194072e+02
-1.512608997353042284e+01 1.828509366546461834e+01 2.670220870824724670e+02 -2.255615132351399055e+01 -4.260104546561806593e+00 2.673712280544680766e+02 -3.281603793850525363e+01 -1.161096573532776066e+00 2.461887972071231161e+02 -2.546457336766637880e+01 2.141772251587653031e+01 2.458874938304392970e+02
-2.029325586668136339e+01 -1.066700619346526935e+01 2.672864636865256784e+02 -1.090578865988836910e+00 -2.465365822921620875e+01 2.671489108052793995e+02 -7.486762640255651746e+00 -3.324767319382572595e+01 2.459853655873858429e+02 -2.664099545028697236e+01 -1.924726153368634840e+01 2.460921371244407965e+02
5.855413131307992458e+00 -2.449901439529203273e+01 2.670907399458712348e+02 2.514877802069914381e+01 -1.054527664352423955e+01 2.668788267175133342e+02 3.111169193978188829e+01 -1.920253136064922117e+01 2.456301493652651118e+02 1.179921798310473235e+01 -3.310892326618694881e+01 2.458118750667513268e+02
2.699097817406294553e+01 -4.014525604226692579e+00 2.669245730483168586e+02 1.977496044556006538e+01 1.863394678176344854e+01 2.666896158680376629e+02 2.979417860356785042e+01 2.155868352424405643e+01 2.453904718541149066e+02 3.699146153330766396e+01 -1.114023073142031528e+00 2.455988990420416940e+02
-9.866020997114492985e+00 -3.236842915323835967e+01 2.400214865992946613e+02 1.406917453109852900e+01 -3.246240888365555577e+01 2.397457568327170918e+02 1.376630896960771011e+01 -2.175826344983435234e+01 2.185528326255990805e+02 -1.012706070563066874e+01 -2.167932879243151234e+01 2.188340571709021560e+02
2.932948446300837020e+01 -2.112556604563956952e+01 2.395722955065558892e+02 3.689479901135860018e+01 1.654278013452576079e+00 2.394603088943623277e+02 2.651422307996801919e+01 4.874719348397531959e+00 2.183437163788605915e+02 1.893204573587739148e+01 -1.784063419695553065e+01 2.184617457517159380e+02
3.098692390509241790e+01 1.955220256115832456e+01 2.393769976298960671e+02 1.163118735761866596e+01 3.371709422438836867e+01 2.395476122395086804e+02 5.168978546042345634e+00 2.495598043904308838e+01 2.184077973168823803e+02 2.449209525068617310e+01 1.082878672117061036e+01 2.182475886800122282e+02
-7.512124533829453554e+00 3.366728326383902470e+01 2.397341072089613476e+02 -2.693154116087990957e+01 1.972356549091752242e+01 2.398889082711817196e+02 -2.087341357182087265e+01 1.100379115370302507e+01 2.187046544602625886e+02 -1.513280023942630947e+00 2.494766992350739088e+01 2.185025198593820051e+02
-3.267708455768080000e+01 1.480152318132832434e+00 2.398941304816184754e+02 -2.527872612197229785e+01 -2.138285425425138087e+01 2.398293605345592141e+02 -1.535184150964488126e+01 -1.802955682756586597e+01 2.186164040622111315e+02 -2.277075416646481898e+01 4.728856778423510931e+00 2.185887272744100471e+02
