1.101936696661627302e+01 -1.261632861052020793e+01 2.743628320062391595e+02 -1.278392097157065521e+01 -1.277631777461708751e+01 2.743614762671779772e+02 -1.289458072989296866e+01 1.099179342334289800e+01 2.744170838190606219e+02 1.089634639918831560e+01 1.113504303071180956e+01 2.743974520961325538e+02
1.092114148329603651e+01 2.168189875793171595e+01 2.682259465071729210e+02 -1.289929860988508636e+01 2.160934959606689532e+01 2.683014656690356787e+02 -1.294795057654817683e+01 3.221741137260061549e+01 2.470742260548500155e+02 1.088193934706103683e+01 3.232302035354433656e+01 2.470173405051705799e+02
-1.852936179766138025e+01 1.748024720131328280e+01 2.680241683709468816e+02 -2.587755042190059385e+01 -5.122629483222866043e+00 2.681783456055646298e+02 -3.597651283135726885e+01 -1.923207480771097266e+00 2.469377973162045805e+02 -2.867966268569275812e+01 2.070144973015237966e+01 2.468046842989236893e+02
-2.357628238576748458e+01 -1.150328215928553810e+01 2.681072064723495600e+02 -4.308900913594459148e+00 -2.541152559061701055e+01 2.681746715104642931e+02 -1.045749122491824679e+01 -3.405625586865716770e+01 2.469824558512106591e+02 -2.970898182324113534e+01 -2.012998196545355967e+01 2.469128015699113234e+02
2.655501340367911745e+00 -2.531716453780117249e+01 2.681366574243523928e+02 2.192330705325584006e+01 -1.123109187299566969e+01 2.682498654399157090e+02 2.830482142583312211e+01 -1.986090359688489571e+01 2.470987515989468761e+02 9.040979748840268115e+00 -3.391605923258460820e+01 2.469853325995880198e+02
2.377674842836376712e+01 -4.736681370596820706e+00 2.682151982115825604e+02 1.645021467686169814e+01 1.790533782745801972e+01 2.679937316250695289e+02 2.678929557911259707e+01 2.101933112148467231e+01 2.469025647549310634e+02 3.412006562292313561e+01 -1.647425026636710754e+00 2.471297099631973708e+02
-1.267402595830010625e+01 -3.344180475138131925e+01 2.410169425666280745e+02 1.118517738357480695e+01 -3.334751616135201147e+01 2.409587192844283265e+02 1.104309846841805864e+01 -2.271360569225051051e+01 2.197448017786355194e+02 -1.278496686850995978e+01 -2.280141224562783364e+01 2.197505231837492943e+02
2.678708749909212727e+01 -2.193405964708036748e+01 2.410020766158428103e+02 3.415591981456091730e+01 8.858030494319149017e-01 2.410511496931447368e+02 2.409653659351929278e+01 4.052242742676892995e+00 2.197291350501766942e+02 1.673747993483183549e+01 -1.871546559859502779e+01 2.197419680301004519e+02
2.812467872855256346e+01 1.911734132913527873e+01 2.409128475161276981e+02 8.772025128020201734e+00 3.315779772078122534e+01 2.408211700203581245e+02 2.688433566556482024e+00 2.448076066380292559e+01 2.195755137824696135e+02 2.206841696246731033e+01 1.051985427544578933e+01 2.196598324199441663e+02
-1.063942684328758581e+01 3.314702027916954563e+01 2.409055480764986044e+02 -2.998856338894253071e+01 1.916323145728999577e+01 2.407763174611744432e+02 -2.368210785080851011e+01 1.066286883390603357e+01 2.195838330325273944e+02 -4.388824931326465340e+00 2.465253057872605424e+01 2.196770261330546816e+02
-3.589728762231759163e+01 6.655457140859611931e-01 2.406918438326051444e+02 -2.845621903662492613e+01 -2.209347724729213169e+01 2.406770190597169972e+02 -1.835593959903235728e+01 -1.867866708692098143e+01 2.194999620171483627e+02 -2.585281832943200087e+01 4.022555513064718369e+00 2.194737419387943476e+02
