1.299923748627817055e+01 -1.185046114421299457e+01 2.732697803439424433e+02 -1.030979664499815129e+01 -1.181230985284510737e+01 2.734787686823166837e+02 -1.028491194634320216e+01 1.144714141346379321e+01 2.734535301220037695e+02 1.303303722698358058e+01 1.142980169482337161e+01 2.732463360649047104e+02
1.294797404392357443e+01 2.230729209129916768e+01 2.665615018923136290e+02 -1.037531223416146275e+01 2.240737894589783608e+01 2.668157663874704326e+02 -1.050474144512925179e+01 3.256647825099010163e+01 2.458909870499608985e+02 1.281654733903430987e+01 3.249290883509095096e+01 2.456594413333762361e+02
-1.647643265587189987e+01 1.790256816928205907e+01 2.665537691586413871e+02 -2.377955049589543890e+01 -4.176014743910942961e+00 2.668256691995482583e+02 -3.367743709318970957e+01 -1.142892496177416950e+00 2.459985761869353382e+02 -2.643652765756571199e+01 2.098649898763716948e+01 2.457545527032548875e+02
-2.131210066952665372e+01 -1.118607023441202486e+01 2.667374750787265043e+02 -2.505163622623253428e+00 -2.489055968268228369e+01 2.666628430169826061e+02 -8.647469698973063501e+00 -3.323381879897086577e+01 2.458598314239421256e+02 -2.741377872397173832e+01 -1.944644881346348697e+01 2.458937013100984075e+02
5.057198508056228725e+00 -2.469065696721579428e+01 2.666177073123643027e+02 2.401941357222110440e+01 -1.107663103143884520e+01 2.665158061275986938e+02 2.988313327360774352e+01 -1.951483140301218455e+01 2.456696331696692255e+02 1.087511097281745798e+01 -3.305899960977657770e+01 2.457350067186331160e+02
2.598845750361208218e+01 -3.959707484652858600e+00 2.665820520086638226e+02 1.897902272784114430e+01 1.822483388162916995e+01 2.663449104120537072e+02 2.883130791191383224e+01 2.109258006506793848e+01 2.454778715755625456e+02 3.577817734225965296e+01 -1.191455043397565472e+00 2.456790331661905213e+02
-1.052811801086577681e+01 -3.246410355654149527e+01 2.394719563606792292e+02 1.295167259294999162e+01 -3.266907909883952499e+01 2.392381953374618035e+02 1.278983733389964428e+01 -2.197331080020319050e+01 2.185883216043401944e+02 -1.067665604737520901e+01 -2.180923041572112453e+01 2.187554188663475259e+02
2.839796392991181051e+01 -2.098123042471190658e+01 2.391176694147465298e+02 3.591229737937574384e+01 1.299161598641976001e+00 2.390832591692536653e+02 2.567064992237092369e+01 4.570610021693882530e+00 2.184421728758075858e+02 1.812862718605319046e+01 -1.769276237045216860e+01 2.185024613808932656e+02
2.967611811101986419e+01 1.947399214179849380e+01 2.389813511152520675e+02 1.079008671784352735e+01 3.340977259046704972e+01 2.390708412270649319e+02 4.444706526763400944e+00 2.474043096509207373e+01 2.183910522888683090e+02 2.334963334994227324e+01 1.081637859911656641e+01 2.183415547857568697e+02
-8.718876776859527666e+00 3.324220033030263721e+01 2.391791540470705399e+02 -2.776493853865995121e+01 1.961677839753786046e+01 2.392967383171855431e+02 -2.170742953946920295e+01 1.093548038790435406e+01 2.186351573167756897e+02 -2.673804937079691690e+00 2.457301664481068926e+01 2.184883749776412003e+02
-3.355506978046996380e+01 9.482119694199608873e-01 2.391591068561409088e+02 -2.635107218004586116e+01 -2.140990747179451859e+01 2.391364806304801505e+02 -1.631907985901130687e+01 -1.810447272609079405e+01 2.184895565030147395e+02 -2.359175588497987164e+01 4.197830861613105036e+00 2.183941503616159139e+02
