1.087432324355068225e+01 -1.200410914107623839e+01 2.733423556461134467e+02 -1.241950741761188759e+01 -1.193353322072648304e+01 2.732036634408604527e+02 -1.234858032941250627e+01 1.137183567658644634e+01 2.732124080242922446e+02 1.097889402304362783e+01 1.129249916926466391e+01 2.733530254912432156e+02
1.104461541946129977e+01 2.226126232497826507e+01 2.668690229386866690e+02 -1.224930681862130122e+01 2.243880508093121762e+01 2.668201337388466641e+02 -1.209294683070446652e+01 3.265571676871779516e+01 2.460020606300776649e+02 1.118473317556115454e+01 3.251315259492362486e+01 2.460712527846699800e+02
-1.837459118068534991e+01 1.778359918159866382e+01 2.664810745193194066e+02 -2.581189436685938077e+01 -4.191528912851159028e+00 2.666666274750112962e+02 -3.539994409532630470e+01 -1.078132363325225329e+00 2.457828872412669625e+02 -2.802106254175182798e+01 2.094944900008530198e+01 2.456186169433413511e+02
-2.323524346596166978e+01 -1.128035819541202578e+01 2.665877622059244345e+02 -4.538593093721025262e+00 -2.502983006113210607e+01 2.668558638002245971e+02 -1.042504957605950189e+01 -3.341637519432403280e+01 2.460823282839683941e+02 -2.910482973387970418e+01 -1.960897369299264881e+01 2.458153288690940599e+02
3.118078553516848039e+00 -2.480167854800906468e+01 2.668331569174490028e+02 2.206848575378737820e+01 -1.126594272217058901e+01 2.670525006913017023e+02 2.832378166153081622e+01 -1.973477149721070845e+01 2.463868006889745459e+02 9.359270071644798961e+00 -3.323218813909167579e+01 2.461796920906268156e+02
2.404760632527606035e+01 -4.110461010289365724e+00 2.669648111278254419e+02 1.713224835449580752e+01 1.809607939194776804e+01 2.666814379174732039e+02 2.733637055870278587e+01 2.097514097331598037e+01 2.460521298686304590e+02 3.422444921472759916e+01 -1.272790604945048587e+00 2.463515006532611267e+02
-1.193431232751945537e+01 -3.297611644433433753e+01 2.395836072488815205e+02 1.141087793814684126e+01 -3.317266026483393659e+01 2.397225605755580489e+02 1.158131417061695778e+01 -2.262386457538503493e+01 2.191063802193006893e+02 -1.176998600775669068e+01 -2.243594635124362924e+01 2.188626019297405207e+02
2.720333280730796233e+01 -2.128939878740565206e+01 2.397159376868634695e+02 3.468511548492249119e+01 9.354318897134730193e-01 2.397577049510149152e+02 2.476554470444785139e+01 4.187068244009412687e+00 2.189879513219943306e+02 1.727096841427790963e+01 -1.801527417638761719e+01 2.189830935617537193e+02
2.829991740793273181e+01 1.949072887550957489e+01 2.395474318885972593e+02 9.413629719970268539e+00 3.342882846820547371e+01 2.393571544201700760e+02 3.351919455501243039e+00 2.478946976631057808e+01 2.186210849503017641e+02 2.223542862840187340e+01 1.089795116928357466e+01 2.188234497217297303e+02
-1.033609507528075788e+01 3.326030015996115452e+01 2.393185520667175297e+02 -2.942010468623661623e+01 1.980749594813652337e+01 2.391821287566317267e+02 -2.308708417097992083e+01 1.119824082499633455e+01 2.186247144357019181e+02 -4.016114286176946990e+00 2.470600177318305768e+01 2.187612396375460264e+02
-3.520231279518583989e+01 8.007956947937141523e-01 2.389993662973567154e+02 -2.821128353717626069e+01 -2.155045573909035994e+01 2.390955406481897967e+02 -1.796153233828147933e+01 -1.831629703110647256e+01 2.186402768570388275e+02 -2.500025643878280945e+01 3.991948539259144724e+00 2.184311412925226534e+02
