1.055716525811218709e+01 -1.349002330897204516e+01 2.715331537172931462e+02 -1.244936582712300499e+01 -1.320285283632551199e+01 2.715428111669875193e+02 -1.220105669773679224e+01 9.846440463216968197e+00 2.716938298023615630e+02 1.090560676776454052e+01 9.570891577124182703e+00 2.717082573596801467e+02
1.090462402672110898e+01 2.071102751943347542e+01 2.653888152698576164e+02 -1.222194038583462117e+01 2.112848527481814642e+01 2.654574468827896681e+02 -1.209957734919668937e+01 3.132602634186957147e+01 2.448710818511722493e+02 1.099513008369856593e+01 3.093605560833677259e+01 2.448236811613243731e+02
-1.848137743944492684e+01 1.626571009049273187e+01 2.651766711013052031e+02 -2.603579848447487777e+01 -5.467039229062595318e+00 2.652359672927297538e+02 -3.559139927714156215e+01 -2.178625507827682828e+00 2.446323049300604566e+02 -2.810401133014465458e+01 1.961106166233627945e+01 2.445376558854955533e+02
-2.334585590401092858e+01 -1.267165793271546192e+01 2.649088827771623187e+02 -4.844089941788137565e+00 -2.645736319780458956e+01 2.649418247767521848e+02 -1.081713899292060432e+01 -3.451443278704351059e+01 2.442601840347202540e+02 -2.928467957782968512e+01 -2.062633585144645210e+01 2.443535262341808902e+02
3.016017295468525372e+00 -2.623169527416712299e+01 2.647619936201202790e+02 2.192178821930799160e+01 -1.282951087335551144e+01 2.649490200201310017e+02 2.785839402940590048e+01 -2.107886815118633095e+01 2.442584331507689228e+02 8.917091684817814112e+00 -3.434766232204955116e+01 2.441575671216662329e+02
2.385076297584033256e+01 -5.415814811502096759e+00 2.650754144616282133e+02 1.710595093068389616e+01 1.667818228731897534e+01 2.649676348665990417e+02 2.706749103940904888e+01 1.953303078654445102e+01 2.444157551992018966e+02 3.371857737082981288e+01 -2.626836235742778580e+00 2.446156483414559943e+02
-1.204229169788412790e+01 -3.467236720200957478e+01 2.386561070111758625e+02 1.114178818618942302e+01 -3.486579553679963084e+01 2.385026512738373867e+02 1.121570982975228681e+01 -2.424555753742425779e+01 2.184117028729098706e+02 -1.189774934164314857e+01 -2.403334754087964242e+01 2.183260203304096194e+02
2.747315772131539191e+01 -2.225192539946293024e+01 2.385270472121525245e+02 3.483975702889345882e+01 -3.935042813675171391e-01 2.386600618496966035e+02 2.483861284968439165e+01 3.087781072405924032e+00 2.182772576968566511e+02 1.752670299540595877e+01 -1.871351940375408063e+01 2.182303847320849854e+02
2.797793417675458016e+01 1.850021400084817103e+01 2.385723965733345153e+02 9.375552659030331526e+00 3.244768430588067076e+01 2.385765166646758075e+02 3.137515115980132663e+00 2.407889822916769518e+01 2.180962924148372792e+02 2.171266214778276549e+01 1.021985217091506470e+01 2.181510094397261810e+02
-1.086917458250254320e+01 3.210205605919842498e+01 2.388659881817555117e+02 -2.986174067599309367e+01 1.888579324419425731e+01 2.387954211227956591e+02 -2.377062357474563825e+01 1.029298830466233206e+01 2.184146343905905496e+02 -4.816645673806913663e+00 2.356711784239911722e+01 2.184710962357102915e+02
-3.570251310786706966e+01 -7.409470829460647057e-01 2.384813536858165719e+02 -2.883231179540227984e+01 -2.291352966828451088e+01 2.383077406489135797e+02 -1.871837161248532766e+01 -1.962449442533717558e+01 2.181172240143567933e+02 -2.559116883716971813e+01 2.437280033711036076e+00 2.180982827393792434e+02
