8.176985579765606360e+00 -1.074179981600670253e+01 2.261059932604236451e+02 -1.326575911810469854e+01 -1.032376487962329570e+01 2.264121051314371300e+02 -1.217262841847985300e+01 1.133998087202547644e+01 2.265780333889441067e+02 9.219797243640396545e+00 1.073147689242024860e+01 2.262231033289686195e+02
1.001164037308880772e+01 2.321235161606703201e+01 2.197266344847784012e+02 -1.170115873422881059e+01 2.373854254574532519e+01 2.198062272159620818e+02 -1.185595745127415945e+01 3.367404986686252499e+01 2.001571052910622939e+02 9.923513401700081005e+00 3.284285940850691077e+01 1.998320209311493443e+02
-2.037625669003577400e+01 1.848353148781955113e+01 2.198234839371034752e+02 -2.802593163986346170e+01 -2.052259742180455593e+00 2.198965040300735723e+02 -3.727790480163965725e+01 1.187117587667123608e+00 1.999452368122035466e+02 -2.955449896620741512e+01 2.186141739255561944e+01 1.999651852934773331e+02
2.482245647036013914e+00 -2.494527718830062923e+01 2.194510721352107510e+02 2.024112309268195986e+01 -1.298630085901799802e+01 2.192718311533579936e+02 2.549888696209274386e+01 -2.109523270545751927e+01 1.994470053159531062e+02 7.624081559000909003e+00 -3.337691814320027817e+01 1.996633896804871426e+02
-2.484500337352141131e+01 -1.184736393167414548e+01 2.193906176399424908e+02 -8.333745396437167940e+00 -2.547106776725581767e+01 2.195634596009739141e+02 -1.435605720131685992e+01 -3.355664253286325049e+01 1.998375338080475956e+02 -3.114705969071661329e+01 -1.982390145549986471e+01 1.996950872327101649e+02
2.340858819737539065e+01 -3.499891488322443678e+00 2.190557647251305866e+02 1.781619857886327196e+01 1.708883733991347142e+01 2.192018197713342431e+02 2.694222982027423541e+01 2.004900286605138149e+01 1.993077401073884971e+02 3.293907881033143781e+01 -9.253962008468087364e-01 1.992970309636977220e+02
-1.435111427351594848e+01 -3.399247619024916389e+01 1.916193331669279587e+02 6.712595051670822599e+00 -3.666887724006964078e+01 1.921307331413705981e+02 7.319763270431636215e+00 -2.768024685386854955e+01 1.726713530540913837e+02 -1.398587630741518595e+01 -2.585353434688112628e+01 1.725247997751774562e+02
2.692414304761248189e+01 -2.233886363189119351e+01 1.917516860553614890e+02 3.626375165376595078e+01 -1.698289411094093371e+00 1.926646814613877439e+02 2.707285176402340099e+01 1.225794477257836856e+00 1.726247949222561999e+02 1.951532041128147554e+01 -1.861383848186039458e+01 1.724127750294234147e+02
2.930299298666669472e+01 2.033329049806719269e+01 1.919391878581756430e+02 1.253678884668046400e+01 3.671097683724215699e+01 1.935833107835480860e+02 6.289510692533758274e+00 2.940270100845398815e+01 1.739833427616144377e+02 2.276081712143787072e+01 1.490591206188682527e+01 1.731047279636692622e+02
-1.291024704597462502e+01 3.621741807411539327e+01 1.916597472860179323e+02 -3.187074506555277509e+01 2.474463783612878132e+01 1.925546386256464189e+02 -2.664072224800820266e+01 1.572735092828916947e+01 1.716173260291728297e+02 -8.280185309874108057e+00 2.652781118673249949e+01 1.717571524478956064e+02
-3.831981087960166121e+01 1.467432769066101761e+00 1.915116377840553241e+02 -3.180174505455825695e+01 -1.914851382988508988e+01 1.916001281149791282e+02 -2.224118138412397983e+01 -1.728770723729813952e+01 1.716031038562593949e+02 -2.960064888470558131e+01 3.348591802229816228e+00 1.716181390579055233e+02
