1.046690059543540485e+01 -1.089593430102066840e+01 2.726254896505411125e+02 -1.283880691954069597e+01 -1.083711403141117380e+01 2.726034004405673272e+02 -1.275602792833527310e+01 1.245018843861009827e+01 2.725266248650831358e+02 1.057470603469369941e+01 1.238563671794932119e+01 2.725294635050724992e+02
1.069279679270320926e+01 2.322569317625988816e+01 2.657762063313193153e+02 -1.264708641368861386e+01 2.336095646165599504e+01 2.658734099865865232e+02 -1.262370735054539317e+01 3.346764025752823102e+01 2.449499272679126136e+02 1.070879042284427562e+01 3.336247590359979398e+01 2.448536923097999818e+02
-1.877304621204281432e+01 1.890616482106469576e+01 2.656016228911458938e+02 -2.615776084449142047e+01 -3.141556075869184284e+00 2.659127723808200017e+02 -3.586892212055745688e+01 -1.268014109850449656e-01 2.449962344725359173e+02 -2.853517701887767899e+01 2.197040608447876764e+01 2.447107864255827963e+02
-2.367397800841540700e+01 -1.007939373617125334e+01 2.657965176202239377e+02 -4.921762933692820141e+00 -2.384942728552807623e+01 2.659974080134967949e+02 -1.088833988687406240e+01 -3.228247113417315006e+01 2.451941545347626743e+02 -2.962703784779734306e+01 -1.845555383580173370e+01 2.450177693826749703e+02
2.591514229162144467e+00 -2.379560511405702528e+01 2.659488909967116115e+02 2.158685877433187272e+01 -1.017862029078147046e+01 2.659845862658975193e+02 2.767030082276755465e+01 -1.869857444476275177e+01 2.452322520741403480e+02 8.656697043511961454e+00 -3.226179478004030443e+01 2.451827357734804593e+02
2.357436783430314975e+01 -3.140839638903306863e+00 2.658581011613324563e+02 1.659321016405025517e+01 1.908216181034264736e+01 2.654872552367246499e+02 2.661509756884672484e+01 2.187016736261387706e+01 2.447461490423013117e+02 3.356349929257218179e+01 -4.060561344997273836e-01 2.451292892633212261e+02
-1.266655896782644497e+01 -3.170590551953759828e+01 2.391127167109345919e+02 1.066411989972452190e+01 -3.181516826297117007e+01 2.391521748076557685e+02 1.075150863923962063e+01 -2.117959491488679191e+01 2.185454489858609577e+02 -1.257470089270029590e+01 -2.112362835042883802e+01 2.184153743918749626e+02
2.621563833061232884e+01 -2.040218445468569541e+01 2.388867771088146696e+02 3.362195818626224053e+01 1.780898220155364031e+00 2.387575545576376044e+02 2.346665929260562322e+01 4.950335394028805958e+00 2.180780030511201062e+02 1.602881144286318005e+01 -1.720571225101443247e+01 2.182528388872850940e+02
2.753791890862757796e+01 2.017483976306318638e+01 2.385615631742364826e+02 8.692155318673563613e+00 3.405385957873628655e+01 2.384754676221493810e+02 2.442776583187502126e+00 2.531001960808150741e+01 2.178978646791132405e+02 2.134061479379895232e+01 1.149085293957872977e+01 2.180183471106812760e+02
-1.067532067306409971e+01 3.410477643209657828e+01 2.384990584914332601e+02 -2.969056381443315118e+01 2.057598139401189385e+01 2.385409276162294248e+02 -2.344759660212706365e+01 1.176562754124570809e+01 2.180273731931036991e+02 -4.439297702702537762e+00 2.532796984130304452e+01 2.179752646037712225e+02
-3.560219287002607302e+01 2.024942197851932413e+00 2.385617870210263902e+02 -2.850017426158959566e+01 -2.028470760692202646e+01 2.387032401773667232e+02 -1.827745435511359773e+01 -1.709792165736224590e+01 2.182012507867916042e+02 -2.543708353413669343e+01 5.156455766455119161e+00 2.179685565917587553e+02
