9.581828299346707212e+00 -9.923287992888115028e+00 2.348050548181338399e+02 -1.201768963582265393e+01 -1.055113427801357950e+01 2.346053196197391628e+02 -1.261046201080522522e+01 1.105583799665643419e+01 2.346935656458729795e+02 8.986990275677008810e+00 1.168477223583103175e+01 2.349013915001290798e+02
8.499915302897941061e+00 2.352493023605048350e+01 2.275517742218454771e+02 -1.305492498802073698e+01 2.277009605196205300e+01 2.273580610948619949e+02 -1.314450844970581400e+01 3.250735533517566722e+01 2.080801342019141487e+02 8.396262771290556870e+00 3.323608961549790308e+01 2.082981674988494376e+02
-2.007425572921989243e+01 1.731132902574471544e+01 2.272670855337161413e+02 -2.601636816834012578e+01 -3.479510882881809319e+00 2.273330918337768480e+02 -3.522000120935012291e+01 -8.803437959686559733e-01 2.079813370253204710e+02 -2.930353171038104776e+01 1.985723710151864196e+01 2.078855838252117962e+02
-2.342740283310359928e+01 -1.203640566754902963e+01 2.271142758310564886e+02 -5.430947624336555535e+00 -2.416853907559413983e+01 2.272068402156891693e+02 -1.072902608231256849e+01 -3.212691690142820278e+01 2.078519512577882722e+02 -2.869926298978458590e+01 -2.003447710307990093e+01 2.077776513292046729e+02
3.889705696615844310e+00 -2.387385041171681976e+01 2.273298572549286121e+02 2.080466362318571072e+01 -1.050996336031648859e+01 2.274822511355191352e+02 2.689503512174362498e+01 -1.807479404974094450e+01 2.081937657855789894e+02 1.000173622732210355e+01 -3.142340612719064552e+01 2.080619936144372275e+02
2.348084816340669789e+01 -2.131451164906072560e+00 2.275064320277768104e+02 1.613719464343079224e+01 1.820821112226887095e+01 2.275081304981504786e+02 2.539236253935237997e+01 2.152424158180093983e+01 2.082831441285709957e+02 3.274919947360589845e+01 1.196110533314486357e+00 2.082665554413935070e+02
-1.108126812578596798e+01 -3.212940545497824019e+01 1.998098442666342009e+02 1.066032744062920123e+01 -3.123803305877390812e+01 1.998693340737739561e+02 1.035566648651539445e+01 -2.149055589476707340e+01 1.805859575662761642e+02 -1.135957259305163092e+01 -2.241252330018801686e+01 1.805043198499199661e+02
2.672138557495326694e+01 -1.862227774590940399e+01 2.002212381700894923e+02 3.277242763856954610e+01 2.211264584473678241e+00 2.004132027030853180e+02 2.359600503399637006e+01 4.997696674938984174e+00 1.810406814504719932e+02 1.762390903439586864e+01 -1.577086063749504596e+01 1.808947219199695269e+02
2.583385877126571017e+01 2.154264321944399896e+01 2.003602206748583399e+02 7.811411542206121439e+00 3.367406271674819607e+01 2.003545827348000898e+02 2.456998023914445550e+00 2.570637350658904907e+01 1.810388435913272076e+02 2.044658176105275516e+01 1.359298836217895534e+01 1.810009896607178348e+02
-1.260406801377441433e+01 3.291858574149024008e+01 2.004392815004779038e+02 -2.969084838091172429e+01 1.945742229994933936e+01 2.002273648269127762e+02 -2.356780040893974615e+01 1.193186827985950416e+01 1.809184123592278297e+02 -6.468552114211308712e+00 2.538580077840181559e+01 1.811059683749629983e+02
-3.543057590098664633e+01 -2.055352924615311272e-01 2.000232189998058914e+02 -2.806260682077835611e+01 -2.059675978559868881e+01 2.000640327450402935e+02 -1.886197126829603476e+01 -1.728877465951769565e+01 1.807962137228771553e+02 -2.622383092794251169e+01 3.067837764315524574e+00 1.807618459226572440e+02
