8.076825133220173925e+00 -9.052156660402694399e+00 2.375679053579757465e+02 -1.339120537003727840e+01 -6.801584929420064540e+00 2.376040762446814369e+02 -1.111157901205967669e+01 1.465523064120083063e+01 2.374135259626220886e+02 1.035909080504652380e+01 1.237411374821506804e+01 2.373954302184261280e+02
1.164475187896682939e+01 2.399364642131595815e+01 2.302614243344052056e+02 -9.837850112134454150e+00 2.613428943725313758e+01 2.303519889382635597e+02 -8.888801288496100739e+00 3.564101137947301368e+01 2.110649436748475978e+02 1.259976049878104476e+01 3.349825216256711258e+01 2.109711239172047499e+02
-1.772419554786969442e+01 2.187547381065620655e+01 2.302275690863807540e+02 -2.652526674765169901e+01 2.155935553408083294e+00 2.304002879906071826e+02 -3.538597131833476794e+01 5.991738131331987738e+00 2.111376715931743036e+02 -2.660882031774363909e+01 2.572865162960761509e+01 2.109917643659588862e+02
4.009075467605152099e-01 -2.227536966705318378e+01 2.307358781428730197e+02 1.904839374605128199e+01 -1.143187179535366660e+01 2.305816169641763622e+02 2.394812687501520188e+01 -2.002793267207261252e+01 2.114249116658000389e+02 5.236945795313067364e+00 -3.084328494904394091e+01 2.115379862547370919e+02
-2.486911937427136010e+01 -6.918236509715885774e+00 2.300549065344918915e+02 -8.723748778635160406e+00 -2.125530280559163288e+01 2.302245184095389163e+02 -1.509924717822043583e+01 -2.874867128092894930e+01 2.110436398051488140e+02 -3.125646629689562062e+01 -1.438330807570287462e+01 2.108310434704725367e+02
2.287052701559544232e+01 -3.177356801408356635e+00 2.303564791754064629e+02 1.841975217824551336e+01 1.797128577252459181e+01 2.300006758722952043e+02 2.803781330213197620e+01 1.967494066446266743e+01 2.107982084004818546e+02 3.254082164929033638e+01 -1.477653006070164476e+00 2.111746865028976572e+02
-1.558397986778908617e+01 -2.860048203545110823e+01 2.031213221188774867e+02 6.013000071546611203e+00 -3.077667992653366369e+01 2.031590886315234741e+02 6.957397005256972022e+00 -2.151562581252738227e+01 1.837676138285600302e+02 -1.461335574363070755e+01 -1.930568325765136706e+01 1.837605264648792343e+02
2.379229298349113009e+01 -2.077710847590340748e+01 2.031517123519541315e+02 3.251871521010488664e+01 -8.474266883233482206e-01 2.028916074602867639e+02 2.379990533799795216e+01 2.743613412927233597e+00 1.835930980232228933e+02 1.505654607002644418e+01 -1.715393549957481412e+01 1.838797562193428234e+02
2.840422809420383032e+01 1.920672855021925685e+01 2.027889045518087698e+02 1.215435413094783179e+01 3.370573562363623665e+01 2.026376275845880457e+02 5.790096033226474148e+00 2.650488825835338247e+01 1.834299425309946798e+02 2.199873486078297447e+01 1.207111703723928997e+01 1.835455218350069231e+02
-8.407961441046174045e+00 3.594313384587435678e+01 2.026651437996171694e+02 -2.721660809833603167e+01 2.504342488347719708e+01 2.026900578783730964e+02 -2.238431820038463371e+01 1.665523387836930169e+01 1.834944609890881395e+02 -3.597733059448787074e+00 2.752750576516989511e+01 1.834543224655923837e+02
-3.548258799868711577e+01 6.390507737836649049e+00 2.027919580464144360e+02 -3.088644652774886623e+01 -1.477519145695035263e+01 2.030144146890673937e+02 -2.153011506855877499e+01 -1.298720992274063057e+01 1.837286734349283108e+02 -2.610346782505553875e+01 8.156240418501473854e+00 1.834997998042021266e+02
