9.977840956831876440e+00 -1.015228285031457744e+01 2.361032519446779077e+02 -1.173333794258761387e+01 -1.057463897172544165e+01 2.359228631306484374e+02 -1.212091892670035165e+01 1.098919759833399290e+01 2.360126315870543294e+02 9.619060004539287334e+00 1.136285615152558748e+01 2.362118528018575319e+02
9.351824647834211746e+00 2.323042535251801866e+01 2.287626103401665603e+02 -1.226992469821904130e+01 2.265376834625111258e+01 2.285706843977294511e+02 -1.233441848900028504e+01 3.244670327387187569e+01 2.093893804483831502e+02 9.277679296495856320e+00 3.300409701998003698e+01 2.095961591177832588e+02
-1.939536953431987953e+01 1.732202295162018757e+01 2.284680024168917782e+02 -2.547797180662530181e+01 -3.480866771406566418e+00 2.285212732595858824e+02 -3.473416876383623730e+01 -8.196477720503170250e-01 2.092191999231893647e+02 -2.865780718537302363e+01 1.996358119648314045e+01 2.091618430406334710e+02
-2.311445531190110714e+01 -1.203977849324784444e+01 2.283516845332325431e+02 -5.137169633283773962e+00 -2.433621948575499161e+01 2.284330416336512712e+02 -1.049649795821451903e+01 -3.231841616348853563e+01 2.091126574665864553e+02 -2.846703021753532781e+01 -2.004428707253826403e+01 2.090519938274775313e+02
4.095167419829444988e+00 -2.422642971897818853e+01 2.285577524725991907e+02 2.116368977719464439e+01 -1.094640740709428783e+01 2.287308895753090212e+02 2.725338849428998600e+01 -1.859632776185751979e+01 2.095247533665178139e+02 1.020081067674994557e+01 -3.186564338440408406e+01 2.093764348477847648e+02
2.399464451322519665e+01 -2.702168179097167666e+00 2.286349232268056824e+02 1.676934824568187565e+01 1.773888147364597501e+01 2.286629573722665612e+02 2.608290264198837249e+01 2.104403221050981898e+01 2.095480443989248442e+02 3.331207359125316714e+01 6.296055913227102119e-01 2.095045554592042549e+02
-1.112025018572654034e+01 -3.225024709054991234e+01 2.010127419886179041e+02 1.086219050275061271e+01 -3.160774869538329668e+01 2.010826737901518868e+02 1.055183103087028051e+01 -2.214145245147861019e+01 1.818718473310527770e+02 -1.128279063238602831e+01 -2.284737264256613187e+01 1.818047014943936404e+02
2.708500878540480983e+01 -1.930977652143983647e+01 2.014448681515791009e+02 3.331773333365591583e+01 1.640229484442639718e+00 2.016561443566561707e+02 2.432459300165598393e+01 4.401213761900526933e+00 1.823414049891382547e+02 1.813447662466683141e+01 -1.642622901840440619e+01 1.821617494437890912e+02
2.661046869096734468e+01 2.093301713847756673e+01 2.015778680599257768e+02 8.555614799783217705e+00 3.322631635038241171e+01 2.015767141314533148e+02 3.262958659391339111e+00 2.551793950484503881e+01 1.823106732896704898e+02 2.121639239641103813e+01 1.318380786037638153e+01 1.822564630198472173e+02
-1.157955997121486114e+01 3.286290954038265966e+01 2.016735744812867779e+02 -2.897270469419731498e+01 1.945070906985367643e+01 2.014453958715005797e+02 -2.307280528733029357e+01 1.209629877665315156e+01 1.822074225653666133e+02 -5.728408808384938489e+00 2.544197450887562439e+01 1.823631777253407336e+02
-3.494708832642230334e+01 7.638112342350028561e-02 2.012619275227137621e+02 -2.766561385994419098e+01 -2.052302739243956253e+01 2.012839425511523075e+02 -1.874451517677739432e+01 -1.736474523774014855e+01 1.820650101524545335e+02 -2.590939354882537771e+01 3.188929102653702330e+00 1.820125052700645085e+02
